3611.33837890625  6.537382E-15
3614.19749164581  5.405052E-15
3617.05660438538  7.089062E-15
3619.91571712494  6.643873E-15
3622.7748298645  6.793560E-15
3625.63394260406  6.595442E-15
3628.49305534363  6.162419E-15
3631.35216808319  6.060892E-15
3634.21128082275  6.639189E-15
3637.07039356232  6.158527E-15
3639.92950630188  6.738352E-15
3642.78861904144  6.525359E-15
3645.64773178101  5.420734E-15
3648.50684452057  6.063455E-15
3651.36595726013  6.173498E-15
3654.22506999969  6.450419E-15
3657.08418273926  5.740250E-15
3659.94329547882  6.914464E-15
3662.80240821838  5.827889E-15
3665.66152095795  7.063985E-15
3668.52063369751  6.661485E-15
3671.37974643707  6.360733E-15
3674.23885917664  6.311711E-15
3677.0979719162  6.566904E-15
3679.95708465576  6.057899E-15
3682.81619739532  6.314379E-15
3685.67531013489  7.004874E-15
3688.53442287445  6.079195E-15
3691.39353561401  6.465253E-15
3694.25264835358  5.911871E-15
3697.11176109314  6.229160E-15
3699.9708738327  6.781186E-15
3702.82998657227  6.168318E-15
3705.68909931183  6.392605E-15
3708.54821205139  6.255171E-15
3711.40732479095  6.043724E-15
3714.26643753052  6.228826E-15
3717.12555027008  6.246647E-15
3719.98466300964  6.212669E-15
3722.84377574921  6.372887E-15
3725.70288848877  6.574828E-15
3728.56200122833  6.077503E-15
3731.4211139679  6.505883E-15
3734.28022670746  5.991244E-15
3737.13933944702  6.152599E-15
3739.99845218658  6.867250E-15
3742.85756492615  6.170219E-15
3745.71667766571  6.055044E-15
3748.57579040527  5.642261E-15
3751.43490314484  5.764750E-15
3754.2940158844  6.315634E-15
3757.15312862396  6.619921E-15
3760.01224136353  5.857529E-15
3762.87135410309  5.921654E-15
3765.73046684265  6.176219E-15
3768.58957958221  6.124797E-15
3771.44869232178  6.099196E-15
3774.30780506134  6.052594E-15
3777.1669178009  6.027599E-15
3780.02603054047  5.295332E-15
3782.88514328003  6.305100E-15
3785.74425601959  5.979176E-15
3788.60336875916  6.078491E-15
3791.46248149872  5.860080E-15
3794.32159423828  5.438783E-15
3797.18070697784  5.761743E-15
3800.03981971741  5.955472E-15
3802.89893245697  5.872772E-15
3805.75804519653  5.719852E-15
3808.6171579361  5.853142E-15
3811.47627067566  5.743740E-15
3814.33538341522  6.215122E-15
3817.19449615478  6.227401E-15
3820.05360889435  5.806455E-15
3822.91272163391  5.809399E-15
3825.77183437347  5.283951E-15
3828.63094711304  5.365272E-15
3831.4900598526  5.665489E-15
3834.34917259216  5.366597E-15
3837.20828533173  5.395170E-15
3840.06739807129  5.258236E-15
3842.92651081085  5.486027E-15
3845.78562355042  5.250294E-15
3848.64473628998  4.999143E-15
3851.50384902954  5.605387E-15
3854.3629617691  5.381095E-15
3857.22207450867  5.391000E-15
3860.08118724823  5.534482E-15
3862.94029998779  5.001697E-15
3865.79941272736  5.175500E-15
3868.65852546692  5.773047E-15
3871.51763820648  4.984869E-15
3874.37675094605  5.191342E-15
3877.23586368561  5.001984E-15
3880.09497642517  5.146507E-15
3882.95408916473  5.050848E-15
3885.8132019043  5.113326E-15
3888.67231464386  5.264445E-15
3891.53142738342  5.369547E-15
3894.39054012299  5.273765E-15
3897.24965286255  5.419418E-15
3900.10876560211  5.051539E-15
3902.96787834167  4.843340E-15
3905.82699108124  5.118132E-15
3908.6861038208  4.966612E-15
3911.54521656036  4.781132E-15
3914.40432929993  5.206741E-15
3917.26344203949  4.937815E-15
3920.12255477905  4.846702E-15
3922.98166751862  4.625634E-15
3925.84078025818  4.808448E-15
3928.69989299774  4.948051E-15
3931.55900573731  4.623790E-15
3934.41811847687  4.566540E-15
3937.27723121643  4.410333E-15
3940.13634395599  4.349279E-15
3942.99545669556  4.528232E-15
3945.85456943512  4.605576E-15
3948.71368217468  4.669015E-15
3951.57279491425  4.888341E-15
3954.43190765381  4.675072E-15
3957.29102039337  4.813988E-15
3960.15013313293  4.797562E-15
3963.0092458725  5.047712E-15
3965.86835861206  4.567720E-15
3968.72747135162  4.571984E-15
3971.58658409119  4.362671E-15
3974.44569683075  4.652232E-15
3977.30480957031  4.951743E-15
3980.16392230988  5.070067E-15
3983.02303504944  5.031515E-15
3985.882147789  4.761505E-15
3988.74126052856  4.943282E-15
3991.60037326813  4.894519E-15
3994.45948600769  4.759740E-15
3997.31859874725  4.410485E-15
4000.17771148682  4.603365E-15
4003.03682422638  4.370270E-15
4005.89593696594  4.527434E-15
4008.75504970551  4.243027E-15
4011.61416244507  4.775571E-15
4014.47327518463  4.358555E-15
4017.33238792419  4.363937E-15
4020.19150066376  4.205757E-15
4023.05061340332  4.693356E-15
4025.90972614288  4.588220E-15
4028.76883888245  4.827878E-15
4031.62795162201  4.507703E-15
4034.48706436157  4.701240E-15
4037.34617710114  4.333401E-15
4040.2052898407  4.384904E-15
4043.06440258026  4.369846E-15
4045.92351531982  4.292590E-15
4048.78262805939  4.357785E-15
4051.64174079895  4.159626E-15
4054.50085353851  4.768197E-15
4057.35996627808  4.588189E-15
4060.21907901764  4.677629E-15
4063.0781917572  4.969696E-15
4065.93730449677  4.502644E-15
4068.79641723633  4.715959E-15
4071.65552997589  4.800854E-15
4074.51464271545  4.634005E-15
4077.37375545502  4.446016E-15
4080.23286819458  4.521820E-15
4083.09198093414  4.660538E-15
4085.95109367371  4.883625E-15
4088.81020641327  4.641096E-15
4091.66931915283  4.795789E-15
4094.5284318924  4.736365E-15
4097.38754463196  5.058399E-15
4100.24665737152  4.898166E-15
4103.10577011108  5.197921E-15
4105.96488285065  5.174286E-15
4108.82399559021  5.240808E-15
4111.68310832977  5.214555E-15
4114.54222106934  5.253458E-15
4117.4013338089  4.975026E-15
4120.26044654846  4.964599E-15
4123.11955928802  4.954529E-15
4125.97867202759  4.759966E-15
4128.83778476715  4.702810E-15
4131.69689750671  4.402109E-15
4134.55601024628  4.629536E-15
4137.41512298584  4.656850E-15
4140.2742357254  4.743360E-15
4143.13334846497  4.584335E-15
4145.99246120453  4.546783E-15
4148.85157394409  4.552556E-15
4151.71068668366  4.542699E-15
4154.56979942322  4.429058E-15
4157.42891216278  4.325599E-15
4160.28802490234  4.365039E-15
4163.14713764191  4.232598E-15
4166.00625038147  4.240867E-15
4168.86536312103  4.244445E-15
4171.7244758606  4.203321E-15
4174.58358860016  4.108077E-15
4177.44270133972  4.202271E-15
4180.30181407928  4.189544E-15
4183.16092681885  4.284923E-15
4186.02003955841  3.993378E-15
4188.87915229797  4.194763E-15
4191.73826503754  3.981468E-15
4194.5973777771  4.186254E-15
4197.45649051666  4.075040E-15
4200.31560325622  4.009433E-15
4203.17471599579  4.197478E-15
4206.03382873535  4.310651E-15
4208.89294147491  4.129416E-15
4211.75205421448  4.175667E-15
4214.61116695404  4.182182E-15
4217.4702796936  4.216671E-15
4220.32939243317  4.143418E-15
4223.18850517273  4.206941E-15
4226.04761791229  4.081393E-15
4228.90673065186  4.057224E-15
4231.76584339142  3.886205E-15
4234.62495613098  4.103538E-15
4237.48406887055  4.237042E-15
4240.34318161011  4.049882E-15
4243.20229434967  4.084776E-15
4246.06140708923  3.937408E-15
4248.9205198288  3.911746E-15
4251.77963256836  4.296758E-15
4254.63874530792  4.107929E-15
4257.49785804748  3.868495E-15
4260.35697078705  3.634778E-15
4263.21608352661  3.953270E-15
4266.07519626617  3.863638E-15
4268.93430900574  3.902205E-15
4271.7934217453  4.092710E-15
4274.65253448486  4.010765E-15
4277.51164722443  3.783351E-15
4280.37075996399  3.734574E-15
4283.22987270355  3.835786E-15
4286.08898544312  3.846506E-15
4288.94809818268  3.977397E-15
4291.80721092224  4.135092E-15
4294.6663236618  4.020171E-15
4297.52543640137  4.031020E-15
4300.38454914093  3.872098E-15
4303.24366188049  3.909658E-15
4306.10277462006  4.023365E-15
4308.96188735962  3.894330E-15
4311.82100009918  4.157631E-15
4314.68011283875  4.148974E-15
4317.53922557831  3.821816E-15
4320.39833831787  4.191348E-15
4323.25745105743  4.074197E-15
4326.116563797  3.963164E-15
4328.97567653656  4.104199E-15
4331.83478927612  4.480935E-15
4334.69390201569  4.369188E-15
4337.55301475525  4.433024E-15
4340.41212749481  4.449487E-15
4343.27124023438  4.722298E-15
4346.13035297394  4.700757E-15
4348.9894657135  4.970799E-15
4351.84857845307  4.764019E-15
4354.70769119263  4.615027E-15
4357.56680393219  4.698001E-15
4360.42591667175  4.403435E-15
4363.28502941132  4.306776E-15
4366.14414215088  4.237801E-15
4369.00325489044  4.313178E-15
4371.86236763001  3.985274E-15
4374.72148036957  4.293640E-15
4377.58059310913  4.152858E-15
4380.43970584869  4.271783E-15
4383.29881858826  4.198089E-15
4386.15793132782  3.849489E-15
4389.01704406738  4.044046E-15
4391.87615680695  4.061280E-15
4394.73526954651  3.974660E-15
4397.59438228607  4.280376E-15
4400.45349502564  3.948986E-15
4403.3126077652  4.378546E-15
4406.17172050476  4.218258E-15
4409.03083324432  3.929484E-15
4411.88994598389  3.990792E-15
4414.74905872345  3.939286E-15
4417.60817146301  3.996618E-15
4420.46728420258  3.876990E-15
4423.32639694214  3.938481E-15
4426.1855096817  4.023689E-15
4429.04462242127  4.093705E-15
4431.90373516083  3.919891E-15
4434.76284790039  3.932310E-15
4437.62196063995  4.030599E-15
4440.48107337952  3.840444E-15
4443.34018611908  3.830199E-15
4446.19929885864  3.740637E-15
4449.05841159821  3.930502E-15
4451.91752433777  3.856597E-15
4454.77663707733  3.735130E-15
4457.6357498169  3.877913E-15
4460.49486255646  4.143739E-15
4463.35397529602  4.016199E-15
4466.21308803558  3.814212E-15
4469.07220077515  3.879461E-15
4471.93131351471  4.345609E-15
4474.79042625427  4.151919E-15
4477.64953899384  4.331599E-15
4480.5086517334  3.898088E-15
4483.36776447296  3.927489E-15
4486.22687721253  4.258412E-15
4489.08598995209  3.995487E-15
4491.94510269165  4.037665E-15
4494.80421543121  3.935748E-15
4497.66332817078  4.004729E-15
4500.52244091034  4.052999E-15
4503.3815536499  3.987505E-15
4506.24066638947  3.940146E-15
4509.09977912903  3.980801E-15
4511.95889186859  4.112010E-15
4514.81800460815  4.169880E-15
4517.67711734772  3.717216E-15
4520.53623008728  4.074179E-15
4523.39534282684  4.071805E-15
4526.25445556641  3.918655E-15
4529.11356830597  4.063310E-15
4531.97268104553  3.586429E-15
4534.8317937851  3.860001E-15
4537.69090652466  4.165246E-15
4540.55001926422  3.832599E-15
4543.40913200379  3.955616E-15
4546.26824474335  3.819399E-15
4549.12735748291  3.593037E-15
4551.98647022247  4.106289E-15
4554.84558296204  3.703266E-15
4557.7046957016  3.899430E-15
4560.56380844116  3.855907E-15
4563.42292118073  3.990105E-15
4566.28203392029  4.049240E-15
4569.14114665985  3.948309E-15
4572.00025939941  4.008549E-15
4574.85937213898  3.733290E-15
4577.71848487854  4.037571E-15
4580.5775976181  3.787026E-15
4583.43671035767  3.883927E-15
4586.29582309723  3.935467E-15
4589.15493583679  3.729502E-15
4592.01404857635  3.954824E-15
4594.87316131592  3.859728E-15
4597.73227405548  4.077505E-15
4600.59138679504  3.756535E-15
4603.45049953461  4.020618E-15
4606.30961227417  3.792571E-15
4609.16872501373  4.220831E-15
4612.0278377533  4.080607E-15
4614.88695049286  4.051016E-15
4617.74606323242  4.085939E-15
4620.60517597199  4.176597E-15
4623.46428871155  4.428519E-15
4626.32340145111  4.252376E-15
4629.18251419068  4.440311E-15
4632.04162693024  4.480996E-15
4634.9007396698  4.379305E-15
4637.75985240936  4.692486E-15
4640.61896514893  4.721162E-15
4643.47807788849  5.271127E-15
4646.33719062805  5.159910E-15
4649.19630336762  5.486303E-15
4652.05541610718  5.353337E-15
4654.91452884674  4.964471E-15
4657.7736415863  5.073939E-15
4660.63275432587  4.848678E-15
4663.49186706543  4.798669E-15
4666.35097980499  4.668985E-15
4669.21009254456  4.439771E-15
4672.06920528412  4.383391E-15
4674.92831802368  4.420690E-15
4677.78743076324  4.536893E-15
4680.64654350281  4.467950E-15
4683.50565624237  4.466335E-15
4686.36476898193  4.443614E-15
4689.2238817215  4.327394E-15
4692.08299446106  4.455697E-15
4694.94210720062  4.472388E-15
4697.80121994019  4.312924E-15
4700.66033267975  4.135761E-15
4703.51944541931  4.153151E-15
4706.37855815888  4.159602E-15
4709.23767089844  4.054664E-15
4712.096783638  4.223421E-15
4714.95589637757  3.778044E-15
4717.81500911713  3.837501E-15
4720.67412185669  3.759327E-15
4723.53323459625  3.801033E-15
4726.39234733582  3.761794E-15
4729.25146007538  3.760051E-15
4732.11057281494  3.729475E-15
4734.96968555451  3.679786E-15
4737.82879829407  3.603367E-15
4740.68791103363  3.572502E-15
4743.54702377319  3.375107E-15
4746.40613651276  3.500208E-15
4749.26524925232  3.448398E-15
4752.12436199188  3.193030E-15
4754.98347473145  3.332912E-15
4757.84258747101  3.193026E-15
4760.70170021057  3.376975E-15
4763.56081295013  3.350768E-15
4766.4199256897  3.338354E-15
4769.27903842926  3.149431E-15
4772.13815116882  3.171826E-15
4774.99726390839  3.187629E-15
4777.85637664795  3.398093E-15
4780.71548938751  3.220628E-15
4783.57460212708  3.183677E-15
4786.43371486664  3.267673E-15
4789.2928276062  3.239309E-15
4792.15194034577  3.280000E-15
4795.01105308533  3.183052E-15
4797.87016582489  3.117625E-15
4800.72927856445  3.263872E-15
4803.58839130402  3.223148E-15
4806.44750404358  3.315370E-15
4809.30661678314  3.161094E-15
4812.16572952271  3.246820E-15
4815.02484226227  3.310614E-15
4817.88395500183  3.140918E-15
4820.74306774139  3.164435E-15
4823.60218048096  3.215895E-15
4826.46129322052  3.254387E-15
4829.32040596008  3.281867E-15
4832.17951869965  3.269580E-15
4835.03863143921  3.350637E-15
4837.89774417877  3.377026E-15
4840.75685691834  3.147838E-15
4843.6159696579  3.518492E-15
4846.47508239746  3.226881E-15
4849.33419513702  3.500298E-15
4852.19330787659  3.590077E-15
4855.05242061615  3.671911E-15
4857.91153335571  3.715574E-15
4860.77064609528  4.032499E-15
4863.62975883484  4.199000E-15
4866.4888715744  4.437244E-15
4869.34798431397  4.663274E-15
4872.20709705353  4.900017E-15
4875.06620979309  4.797686E-15
4877.92532253265  4.472887E-15
4880.78443527222  3.999096E-15
4883.64354801178  3.833115E-15
4886.50266075134  3.636463E-15
4889.36177349091  3.426121E-15
4892.22088623047  3.368626E-15
4895.07999897003  3.304447E-15
4897.9391117096  3.433137E-15
4900.79822444916  3.405662E-15
4903.65733718872  3.328161E-15
4906.51644992828  3.304802E-15
4909.37556266785  3.176084E-15
4912.23467540741  3.168186E-15
4915.09378814697  3.243296E-15
4917.95290088654  3.203655E-15
4920.8120136261  3.260805E-15
4923.67112636566  3.166700E-15
4926.53023910523  3.181586E-15
4929.38935184479  3.130150E-15
4932.24846458435  3.266757E-15
4935.10757732391  3.086876E-15
4937.96669006348  3.193280E-15
4940.82580280304  3.171464E-15
4943.6849155426  3.223745E-15
4946.54402828217  3.300733E-15
4949.40314102173  3.242481E-15
4952.26225376129  3.139458E-15
4955.12136650086  3.178860E-15
4957.98047924042  3.049659E-15
4960.83959197998  3.183621E-15
4963.69870471954  3.031355E-15
4966.55781745911  3.124015E-15
4969.41693019867  2.934655E-15
4972.27604293823  2.991697E-15
4975.1351556778  2.993866E-15
4977.99426841736  3.059047E-15
4980.85338115692  2.966609E-15
4983.71249389648  3.089253E-15
4986.57160663605  3.001486E-15
4989.43071937561  2.996495E-15
4992.28983211517  3.083575E-15
4995.14894485474  2.751297E-15
4998.0080575943  2.948060E-15
5000.86717033386  2.984099E-15
5003.72628307343  3.169066E-15
5006.58539581299  3.068219E-15
5009.44450855255  3.215299E-15
5012.30362129212  3.167898E-15
5015.16273403168  3.283244E-15
5018.02184677124  2.957645E-15
5020.8809595108  3.111716E-15
5023.74007225037  3.084397E-15
5026.59918498993  3.083827E-15
5029.45829772949  3.181565E-15
5032.31741046906  2.932338E-15
5035.17652320862  3.195145E-15
5038.03563594818  3.105269E-15
5040.89474868775  2.913225E-15
5043.75386142731  2.938291E-15
5046.61297416687  2.816934E-15
5049.47208690643  2.866508E-15
5052.331199646  2.942893E-15
5055.19031238556  3.019041E-15
5058.04942512512  2.900541E-15
5060.90853786469  2.884431E-15
5063.76765060425  2.855967E-15
5066.62676334381  2.859778E-15
5069.48587608338  2.757267E-15
5072.34498882294  2.908504E-15
5075.2041015625  2.857300E-15
5078.06321430206  2.794041E-15
5080.92232704163  2.845579E-15
5083.78143978119  2.749796E-15
5086.64055252075  2.993514E-15
5089.49966526032  2.971435E-15
5092.35877799988  2.836765E-15
5095.21789073944  2.841634E-15
5098.07700347901  2.872723E-15
5100.93611621857  2.880904E-15
5103.79522895813  2.791329E-15
5106.65434169769  2.909113E-15
5109.51345443726  2.913768E-15
5112.37256717682  2.867426E-15
5115.23167991638  2.877771E-15
5118.09079265595  2.796839E-15
5120.94990539551  2.711108E-15
5123.80901813507  2.888898E-15
5126.66813087463  2.773859E-15
5129.5272436142  2.806205E-15
5132.38635635376  2.804357E-15
5135.24546909332  2.646675E-15
5138.10458183289  2.840157E-15
5140.96369457245  2.867416E-15
5143.82280731201  2.875180E-15
5146.68192005158  2.808079E-15
5149.54103279114  2.867876E-15
5152.4001455307  2.665918E-15
5155.25925827027  2.903805E-15
5158.11837100983  2.834915E-15
5160.97748374939  2.941532E-15
5163.83659648895  2.953678E-15
5166.69570922852  2.935035E-15
5169.55482196808  2.854267E-15
5172.41393470764  2.854669E-15
5175.27304744721  2.819863E-15
5178.13216018677  2.785996E-15
5180.99127292633  2.899537E-15
5183.85038566589  2.867155E-15
5186.70949840546  2.833359E-15
5189.56861114502  2.751415E-15
5192.42772388458  2.715029E-15
5195.28683662415  2.882627E-15
5198.14594936371  2.807699E-15
5201.00506210327  2.806312E-15
5203.86417484284  3.038900E-15
5206.7232875824  2.770528E-15
5209.58240032196  2.637456E-15
5212.44151306152  2.782972E-15
5215.30062580109  2.710746E-15
5218.15973854065  2.614382E-15
5221.01885128021  2.862299E-15
5223.87796401978  2.907174E-15
5226.73707675934  2.843840E-15
5229.5961894989  2.884667E-15
5232.45530223847  2.705807E-15
5235.31441497803  2.705840E-15
5238.17352771759  2.817978E-15
5241.03264045715  2.812806E-15
5243.89175319672  2.685410E-15
5246.75086593628  2.880854E-15
5249.60997867584  2.851829E-15
5252.46909141541  2.681008E-15
5255.32820415497  2.724754E-15
5258.18731689453  2.568469E-15
5261.0464296341  2.755020E-15
5263.90554237366  2.794169E-15
5266.76465511322  2.663612E-15
5269.62376785278  2.648932E-15
5272.48288059235  2.730642E-15
5275.34199333191  2.768549E-15
5278.20110607147  2.504663E-15
5281.06021881104  2.680086E-15
5283.9193315506  2.819196E-15
5286.77844429016  2.782033E-15
5289.63755702973  2.836829E-15
5292.49666976929  2.724964E-15
5295.35578250885  2.796372E-15
5298.21489524841  2.711622E-15
5301.07400798798  2.702711E-15
5303.93312072754  2.686701E-15
5306.7922334671  2.708183E-15
5309.65134620667  2.737275E-15
5312.51045894623  2.806964E-15
5315.36957168579  2.865872E-15
5318.22868442536  2.721048E-15
5321.08779716492  2.730725E-15
5323.94690990448  2.653812E-15
5326.80602264404  2.686859E-15
5329.66513538361  2.757347E-15
5332.52424812317  2.637526E-15
5335.38336086273  2.774686E-15
5338.2424736023  2.597957E-15
5341.10158634186  2.699591E-15
5343.96069908142  2.664198E-15
5346.81981182099  2.729599E-15
5349.67892456055  2.634578E-15
5352.53803730011  2.669576E-15
5355.39715003967  2.616958E-15
5358.25626277924  2.798027E-15
5361.1153755188  2.636049E-15
5363.97448825836  2.653181E-15
5366.83360099793  2.674127E-15
5369.69271373749  2.721015E-15
5372.55182647705  2.870448E-15
5375.41093921662  2.617321E-15
5378.27005195618  2.532716E-15
5381.12916469574  2.741314E-15
5383.9882774353  2.662370E-15
5386.84739017487  2.670571E-15
5389.70650291443  2.671983E-15
5392.56561565399  2.486242E-15
5395.42472839356  2.603575E-15
5398.28384113312  2.637949E-15
5401.14295387268  2.708730E-15
5404.00206661225  2.683091E-15
5406.86117935181  2.627029E-15
5409.72029209137  2.552462E-15
5412.57940483093  2.580060E-15
5415.4385175705  2.588838E-15
5418.29763031006  2.712143E-15
5421.15674304962  2.689471E-15
5424.01585578919  2.589825E-15
5426.87496852875  2.655528E-15
5429.73408126831  2.574318E-15
5432.59319400787  2.535145E-15
5435.45230674744  2.536774E-15
5438.311419487  2.515209E-15
5441.17053222656  2.497692E-15
5444.02964496613  2.605019E-15
5446.88875770569  2.514837E-15
5449.74787044525  2.652555E-15
5452.60698318482  2.517323E-15
5455.46609592438  2.573651E-15
5458.32520866394  2.522977E-15
5461.18432140351  2.460903E-15
5464.04343414307  2.520932E-15
5466.90254688263  2.544567E-15
5469.76165962219  2.648446E-15
5472.62077236176  2.473026E-15
5475.47988510132  2.506618E-15
5478.33899784088  2.512831E-15
5481.19811058045  2.546347E-15
5484.05722332001  2.546919E-15
5486.91633605957  2.657347E-15
5489.77544879914  2.417123E-15
5492.6345615387  2.540961E-15
5495.49367427826  2.489930E-15
5498.35278701782  2.461751E-15
5501.21189975739  2.457163E-15
5504.07101249695  2.559117E-15
5506.93012523651  2.555037E-15
5509.78923797608  2.526225E-15
5512.64835071564  2.366965E-15
5515.5074634552  2.470216E-15
5518.36657619476  2.498704E-15
5521.22568893433  2.401149E-15
5524.08480167389  2.419721E-15
5526.94391441345  2.401694E-15
5529.80302715302  2.475569E-15
5532.66213989258  2.473814E-15
5535.52125263214  2.510385E-15
5538.38036537171  2.554733E-15
5541.23947811127  2.637812E-15
5544.09859085083  2.539511E-15
5546.9577035904  2.535699E-15
5549.81681632996  2.621104E-15
5552.67592906952  2.606287E-15
5555.53504180908  2.504491E-15
5558.39415454865  2.306402E-15
5561.25326728821  2.518447E-15
5564.11238002777  2.563517E-15
5566.97149276734  2.384592E-15
5569.8306055069  2.708187E-15
5572.68971824646  2.743767E-15
5575.54883098603  2.247539E-15
5578.40794372559  2.436822E-15
5581.26705646515  2.549626E-15
5584.12616920471  2.492798E-15
5586.98528194428  2.359489E-15
5589.84439468384  2.531381E-15
5592.7035074234  2.512434E-15
5595.56262016297  2.457762E-15
5598.42173290253  2.484998E-15
5601.28084564209  2.469114E-15
5604.13995838165  2.489483E-15
5606.99907112122  2.475875E-15
5609.85818386078  2.577872E-15
5612.71729660034  2.497393E-15
5615.57640933991  2.550963E-15
5618.43552207947  2.448930E-15
5621.29463481903  2.397572E-15
5624.1537475586  2.446463E-15
5627.01286029816  2.478462E-15
5629.87197303772  2.612703E-15
5632.73108577729  2.525758E-15
5635.59019851685  2.469224E-15
5638.44931125641  2.404433E-15
5641.30842399597  2.484351E-15
5644.16753673554  2.457951E-15
5647.0266494751  2.467875E-15
5649.88576221466  2.589258E-15
5652.74487495423  2.779153E-15
5655.60398769379  2.579268E-15
5658.46310043335  2.385814E-15
5661.32221317292  2.368838E-15
5664.18132591248  2.444842E-15
5667.04043865204  2.602192E-15
5669.8995513916  2.625566E-15
5672.75866413117  2.547938E-15
5675.61777687073  2.381805E-15
5678.47688961029  2.596241E-15
5681.33600234986  2.503576E-15
5684.19511508942  2.613985E-15
5687.05422782898  2.796263E-15
5689.91334056854  2.583059E-15
5692.77245330811  2.658551E-15
5695.63156604767  2.715202E-15
5698.49067878723  2.830649E-15
5701.3497915268  2.627396E-15
5704.20890426636  2.865688E-15
5707.06801700592  2.897481E-15
5709.92712974549  2.834663E-15
5712.78624248505  2.704519E-15
5715.64535522461  2.756215E-15
5718.50446796417  2.681889E-15
5721.36358070374  2.721270E-15
5724.2226934433  2.687750E-15
5727.08180618286  2.640580E-15
5729.94091892243  2.538692E-15
5732.80003166199  2.486266E-15
5735.65914440155  2.633707E-15
5738.51825714111  2.471775E-15
5741.37736988068  2.478612E-15
5744.23648262024  2.447588E-15
5747.0955953598  2.544793E-15
5749.95470809937  2.585964E-15
5752.81382083893  2.533278E-15
5755.67293357849  2.636391E-15
5758.53204631806  2.449979E-15
5761.39115905762  2.488074E-15
5764.25027179718  2.358529E-15
5767.10938453674  2.425422E-15
5769.96849727631  2.397336E-15
5772.82761001587  2.581330E-15
5775.68672275543  2.584008E-15
5778.545835495  2.405445E-15
5781.40494823456  2.452963E-15
5784.26406097412  2.461908E-15
5787.12317371369  2.592259E-15
5789.98228645325  2.410770E-15
5792.84139919281  2.443943E-15
5795.70051193237  2.508344E-15
5798.55962467194  2.459932E-15
5801.4187374115  2.428851E-15
5804.27785015106  2.548118E-15
5807.13696289063  2.427951E-15
5809.99607563019  2.530990E-15
5812.85518836975  2.547416E-15
5815.71430110932  2.467680E-15
5818.57341384888  2.615037E-15
5821.43252658844  2.563116E-15
5824.29163932801  2.580629E-15
5827.15075206757  2.637901E-15
5830.00986480713  2.571725E-15
5832.86897754669  2.488778E-15
5835.72809028626  2.686098E-15
5838.58720302582  2.607276E-15
5841.44631576538  2.465559E-15
5844.30542850495  2.712379E-15
5847.16454124451  2.612673E-15
5850.02365398407  2.664910E-15
5852.88276672364  2.640393E-15
5855.7418794632  2.488139E-15
5858.60099220276  2.734623E-15
5861.46010494232  2.648151E-15
5864.31921768189  2.601171E-15
5867.17833042145  2.672622E-15
5870.03744316101  2.555625E-15
5872.89655590058  2.654034E-15
5875.75566864014  2.604656E-15
5878.6147813797  2.626539E-15
5881.47389411927  2.676995E-15
5884.33300685883  2.624656E-15
5887.19211959839  2.582007E-15
5890.05123233795  2.518560E-15
5892.91034507752  2.407553E-15
5895.76945781708  2.355624E-15
5898.62857055664  2.397852E-15
5901.48768329621  2.385341E-15
5904.34679603577  2.355894E-15
5907.20590877533  2.312477E-15
5910.06502151489  2.415158E-15
5912.92413425446  2.478693E-15
5915.78324699402  2.371332E-15
5918.64235973358  2.377213E-15
5921.50147247315  2.573404E-15
5924.36058521271  2.540423E-15
5927.21969795227  2.529493E-15
5930.07881069184  2.450715E-15
5932.9379234314  2.476229E-15
5935.79703617096  2.394154E-15
5938.65614891053  2.313596E-15
5941.51526165009  2.438170E-15
5944.37437438965  2.567945E-15
5947.23348712921  2.552902E-15
5950.09259986878  2.473528E-15
5952.95171260834  2.408424E-15
5955.8108253479  2.481832E-15
5958.66993808747  2.509159E-15
5961.52905082703  2.526915E-15
5964.38816356659  2.575956E-15
5967.24727630616  2.502647E-15
5970.10638904572  2.405972E-15
5972.96550178528  2.354772E-15
5975.82461452484  2.369869E-15
5978.68372726441  2.317864E-15
5981.54284000397  2.327537E-15
5984.40195274353  2.492846E-15
5987.2610654831  2.377700E-15
5990.12017822266  2.307225E-15
5992.97929096222  2.352151E-15
5995.83840370178  2.370492E-15
5998.69751644135  2.380217E-15
6001.55662918091  2.384145E-15
6004.41574192047  2.406706E-15
6007.27485466004  2.415960E-15
6010.1339673996  2.435033E-15
6012.99308013916  2.233491E-15
6015.85219287873  2.318873E-15
6018.71130561829  2.232352E-15
6021.57041835785  2.362110E-15
6024.42953109742  2.369229E-15
6027.28864383698  2.371567E-15
6030.14775657654  2.382323E-15
6033.0068693161  2.226601E-15
6035.86598205567  2.286624E-15
6038.72509479523  2.354546E-15
6041.58420753479  2.310598E-15
6044.44332027436  2.254461E-15
6047.30243301392  2.408777E-15
6050.16154575348  2.223051E-15
6053.02065849305  2.299720E-15
6055.87977123261  2.383328E-15
6058.73888397217  2.408680E-15
6061.59799671173  2.329402E-15
6064.4571094513  2.389485E-15
6067.31622219086  2.395350E-15
6070.17533493042  2.184627E-15
6073.03444766999  2.390677E-15
6075.89356040955  2.354586E-15
6078.75267314911  2.178717E-15
6081.61178588867  2.297201E-15
6084.47089862824  2.317578E-15
6087.3300113678  2.332426E-15
6090.18912410736  2.288675E-15
6093.04823684693  2.215217E-15
6095.90734958649  2.197276E-15
6098.76646232605  2.158975E-15
6101.62557506562  2.260947E-15
6104.48468780518  2.339397E-15
6107.34380054474  2.212628E-15
6110.2029132843  2.188061E-15
6113.06202602387  2.376536E-15
6115.92113876343  2.343746E-15
6118.78025150299  2.219247E-15
6121.63936424256  2.344684E-15
6124.49847698212  2.389881E-15
6127.35758972168  2.413155E-15
6130.21670246124  2.254222E-15
6133.07581520081  2.207402E-15
6135.93492794037  2.311195E-15
6138.79404067993  2.247478E-15
6141.6531534195  2.094380E-15
6144.51226615906  2.196940E-15
6147.37137889862  2.293082E-15
6150.23049163819  2.157804E-15
6153.08960437775  2.198925E-15
6155.94871711731  2.211440E-15
6158.80782985687  2.238341E-15
6161.66694259644  2.172089E-15
6164.526055336  2.313893E-15
6167.38516807556  2.384747E-15
6170.24428081513  2.331921E-15
6173.10339355469  2.355424E-15
6175.96250629425  2.232214E-15
6178.82161903382  2.211672E-15
6181.68073177338  2.235005E-15
6184.53984451294  2.340372E-15
6187.39895725251  2.259187E-15
6190.25806999207  2.182774E-15
6193.11718273163  2.184161E-15
6195.97629547119  2.344929E-15
6198.83540821076  2.188633E-15
6201.69452095032  2.074367E-15
6204.55363368988  2.153599E-15
6207.41274642945  2.109216E-15
6210.27185916901  2.241970E-15
6213.13097190857  2.236689E-15
6215.99008464813  2.126615E-15
6218.8491973877  2.158971E-15
6221.70831012726  2.216191E-15
6224.56742286682  2.229828E-15
6227.42653560639  2.107629E-15
6230.28564834595  2.278006E-15
6233.14476108551  2.424203E-15
6236.00387382508  2.274762E-15
6238.86298656464  2.240543E-15
6241.7220993042  2.291714E-15
6244.58121204376  2.191427E-15
6247.44032478333  2.221970E-15
6250.29943752289  2.248042E-15
6253.15855026245  2.205408E-15
6256.01766300202  2.304676E-15
6258.87677574158  2.275201E-15
6261.73588848114  2.322032E-15
6264.59500122071  2.101785E-15
6267.45411396027  2.044244E-15
6270.31322669983  2.056868E-15
6273.17233943939  2.008647E-15
6276.03145217896  2.090653E-15
6278.89056491852  2.224699E-15
6281.74967765808  2.088754E-15
6284.60879039765  2.237866E-15
6287.46790313721  2.188920E-15
6290.32701587677  2.154128E-15
6293.18612861634  2.122357E-15
6296.0452413559  2.205790E-15
6298.90435409546  2.177356E-15
6301.76346683502  2.008649E-15
6304.62257957459  2.272292E-15
6307.48169231415  1.992161E-15
6310.34080505371  2.080417E-15
6313.19991779328  2.155295E-15
6316.05903053284  2.113633E-15
6318.9181432724  2.086555E-15
6321.77725601197  2.284536E-15
6324.63636875153  2.162012E-15
6327.49548149109  2.190085E-15
6330.35459423065  2.207718E-15
6333.21370697022  2.118405E-15
6336.07281970978  2.196374E-15
6338.93193244934  2.034461E-15
6341.79104518891  2.069896E-15
6344.65015792847  2.173551E-15
6347.50927066803  2.214575E-15
6350.36838340759  2.269820E-15
6353.22749614716  2.016795E-15
6356.08660888672  2.124754E-15
6358.94572162628  2.308054E-15
6361.80483436585  2.259670E-15
6364.66394710541  2.077687E-15
6367.52305984497  2.179324E-15
6370.38217258454  2.151457E-15
6373.2412853241  2.166839E-15
6376.10039806366  2.075577E-15
6378.95951080323  2.166305E-15
6381.81862354279  2.137317E-15
6384.67773628235  2.170606E-15
6387.53684902191  2.113253E-15
6390.39596176148  2.150939E-15
6393.25507450104  2.241262E-15
6396.1141872406  2.216141E-15
6398.97329998017  2.093933E-15
6401.83241271973  2.040830E-15
6404.69152545929  2.020340E-15
6407.55063819886  2.075089E-15
6410.40975093842  2.094429E-15
6413.26886367798  2.115603E-15
6416.12797641754  2.113026E-15
6418.98708915711  2.101536E-15
6421.84620189667  2.062407E-15
6424.70531463623  2.118344E-15
6427.5644273758  1.961181E-15
6430.42354011536  2.011017E-15
6433.28265285492  2.114768E-15
6436.14176559449  2.123588E-15
6439.00087833405  2.070988E-15
6441.85999107361  2.071472E-15
6444.71910381317  2.198727E-15
6447.57821655274  2.119013E-15
6450.4373292923  2.177104E-15
6453.29644203186  2.122194E-15
6456.15555477143  2.061921E-15
6459.01466751099  2.126608E-15
6461.87378025055  2.072577E-15
6464.73289299011  2.007906E-15
6467.59200572968  2.201014E-15
6470.45111846924  2.059829E-15
6473.3102312088  2.059341E-15
6476.16934394837  2.104952E-15
6479.02845668793  2.022299E-15
6481.88756942749  2.201091E-15
6484.74668216706  2.241800E-15
6487.60579490662  2.228580E-15
6490.46490764618  2.065391E-15
6493.32402038575  2.034569E-15
6496.18313312531  2.198458E-15
6499.04224586487  2.153184E-15
6501.90135860443  2.115112E-15
6504.760471344  2.250916E-15
6507.61958408356  2.283918E-15
6510.47869682312  2.551053E-15
6513.33780956269  2.393911E-15
6516.19692230225  2.079024E-15
6519.05603504181  2.070061E-15
6521.91514778137  2.100951E-15
6524.77426052094  2.177366E-15
6527.6333732605  2.194497E-15
6530.49248600006  2.264520E-15
6533.35159873963  2.386213E-15
6536.21071147919  2.375442E-15
6539.06982421875  2.384872E-15
6541.92893695832  2.475457E-15
6544.78804969788  2.507213E-15
6547.64716243744  2.441391E-15
6550.506275177  2.504145E-15
6553.36538791657  2.642070E-15
6556.22450065613  2.669966E-15
6559.08361339569  2.789051E-15
6561.94272613526  2.993003E-15
6564.80183887482  3.226670E-15
6567.66095161438  3.669096E-15
6570.52006435394  3.822991E-15
6573.37917709351  4.188587E-15
6576.23828983307  4.445418E-15
6579.09740257263  4.340318E-15
6581.9565153122  4.154593E-15
6584.81562805176  3.600459E-15
6587.67474079132  3.375558E-15
6590.53385353089  3.051097E-15
6593.39296627045  2.869143E-15
6596.25207901001  2.860248E-15
6599.11119174957  2.716515E-15
6601.97030448914  2.704896E-15
6604.8294172287  2.642483E-15
6607.68852996826  2.426108E-15
6610.54764270783  2.375209E-15
6613.40675544739  2.377998E-15
6616.26586818695  2.358761E-15
6619.12498092651  2.323594E-15
6621.98409366608  2.178336E-15
6624.84320640564  2.177749E-15
6627.70231914521  2.264330E-15
6630.56143188477  2.299657E-15
6633.42054462433  2.201483E-15
6636.27965736389  2.096987E-15
6639.13877010346  2.197360E-15
6641.99788284302  2.223588E-15
6644.85699558258  2.180462E-15
6647.71610832215  2.122164E-15
6650.57522106171  2.073403E-15
6653.43433380127  2.210234E-15
6656.29344654083  2.216022E-15
6659.1525592804  2.150011E-15
6662.01167201996  2.221389E-15
6664.87078475952  2.458366E-15
6667.72989749909  2.049432E-15
6670.58901023865  2.270240E-15
6673.44812297821  2.044723E-15
6676.30723571777  2.144089E-15
6679.16634845734  2.220790E-15
6682.0254611969  2.187946E-15
6684.88457393646  2.125388E-15
6687.74368667603  2.193419E-15
6690.60279941559  2.219187E-15
6693.46191215515  2.340312E-15
6696.32102489472  2.259544E-15
6699.18013763428  2.191226E-15
6702.03925037384  2.229604E-15
6704.89836311341  2.169762E-15
6707.75747585297  2.234252E-15
6710.61658859253  2.121614E-15
6713.47570133209  2.150742E-15
6716.33481407166  2.182507E-15
6719.19392681122  2.025080E-15
6722.05303955078  1.920769E-15
6724.91215229035  2.077173E-15
6727.77126502991  2.069145E-15
6730.63037776947  1.997860E-15
6733.48949050904  2.044074E-15
6736.3486032486  2.111312E-15
6739.20771598816  1.972861E-15
6742.06682872772  1.936761E-15
6744.92594146729  2.007136E-15
6747.78505420685  2.065403E-15
6750.64416694641  2.103863E-15
6753.50327968598  2.044853E-15
6756.36239242554  2.093959E-15
6759.2215051651  1.996258E-15
6762.08061790466  1.963910E-15
6764.93973064423  2.104971E-15
6767.79884338379  1.970974E-15
6770.65795612335  1.916895E-15
6773.51706886292  1.889775E-15
6776.37618160248  1.992546E-15
6779.23529434204  1.892310E-15
6782.09440708161  1.861199E-15
6784.95351982117  2.035273E-15
6787.81263256073  2.172696E-15
6790.67174530029  2.148378E-15
6793.53085803986  2.568365E-15
6796.38997077942  2.192243E-15
6799.24908351899  2.068304E-15
6802.10819625855  2.342305E-15
6804.96730899811  2.349961E-15
6807.82642173767  2.126649E-15
6810.68553447724  2.084183E-15
6813.5446472168  1.935046E-15
6816.40375995636  1.956431E-15
6819.26287269593  1.992549E-15
6822.12198543549  1.895996E-15
6824.98109817505  1.885270E-15
6827.84021091461  2.085499E-15
6830.69932365418  2.103237E-15
6833.55843639374  1.960941E-15
6836.4175491333  1.980554E-15
6839.27666187287  1.930056E-15
6842.13577461243  1.971373E-15
6844.99488735199  1.987039E-15
6847.85400009155  1.931439E-15
6850.71311283112  2.121430E-15
6853.57222557068  1.995487E-15
6856.43133831024  1.833091E-15
6859.29045104981  2.061592E-15
6862.14956378937  1.973503E-15
6865.00867652893  1.949613E-15
6867.8677892685  1.964210E-15
6870.72690200806  2.051859E-15
6873.58601474762  2.182977E-15
6876.44512748719  1.936529E-15
6879.30424022675  2.029893E-15
6882.16335296631  1.993123E-15
6885.02246570587  1.959010E-15
6887.88157844544  1.982256E-15
6890.740691185  1.884535E-15
6893.59980392456  1.946652E-15
6896.45891666413  1.894801E-15
6899.31802940369  2.103661E-15
6902.17714214325  2.070417E-15
6905.03625488281  1.936342E-15
6907.89536762238  2.058942E-15
6910.75448036194  1.856513E-15
6913.6135931015  1.948062E-15
6916.47270584107  1.979962E-15
6919.33181858063  1.943029E-15
6922.19093132019  1.906511E-15
6925.05004405976  1.960295E-15
6927.90915679932  1.964351E-15
6930.76826953888  1.961241E-15
6933.62738227844  1.969484E-15
6936.48649501801  1.857135E-15
6939.34560775757  1.949951E-15
6942.20472049713  2.017740E-15
6945.0638332367  1.871195E-15
6947.92294597626  1.825717E-15
6950.78205871582  1.710065E-15
6953.64117145539  1.768008E-15
6956.50028419495  1.896491E-15
6959.35939693451  1.934417E-15
6962.21850967407  1.857533E-15
6965.07762241364  1.936066E-15
6967.9367351532  1.888189E-15
6970.79584789276  1.797700E-15
6973.65496063233  1.861689E-15
6976.51407337189  1.934992E-15
6979.37318611145  1.922463E-15
6982.23229885101  1.772637E-15
6985.09141159058  1.802998E-15
6987.95052433014  2.026057E-15
6990.8096370697  1.927358E-15
6993.66874980927  1.889817E-15
6996.52786254883  1.865662E-15
6999.38697528839  1.773376E-15
7002.24608802796  1.889704E-15
7005.10520076752  1.815422E-15
7007.96431350708  1.851082E-15
7010.82342624665  1.917998E-15
7013.68253898621  1.977305E-15
7016.54165172577  1.963450E-15
7019.40076446533  1.923203E-15
7022.2598772049  1.943026E-15
7025.11898994446  1.965173E-15
7027.97810268402  2.037207E-15
7030.83721542359  1.979613E-15
7033.69632816315  1.972658E-15
7036.55544090271  2.098572E-15
7039.41455364228  2.024288E-15
7042.27366638184  1.941444E-15
7045.1327791214  1.892933E-15
7047.99189186096  1.883725E-15
7050.85100460053  1.926719E-15
7053.71011734009  1.968922E-15
7056.56923007965  1.935057E-15
7059.42834281922  1.959669E-15
7062.28745555878  2.091091E-15
7065.14656829834  2.235000E-15
7068.00568103791  2.194454E-15
7070.86479377747  1.994652E-15
7073.72390651703  2.113916E-15
7076.58301925659  2.081530E-15
7079.44213199616  2.208177E-15
7082.30124473572  2.184009E-15
7085.16035747528  2.086650E-15
7088.01947021485  2.245148E-15
7090.87858295441  2.128674E-15
7093.73769569397  2.014980E-15
7096.59680843353  2.047459E-15
7099.4559211731  2.073290E-15
7102.31503391266  2.107272E-15
7105.17414665222  1.977834E-15
7108.03325939179  1.996171E-15
7110.89237213135  2.046101E-15
7113.75148487091  2.038771E-15
7116.61059761048  2.034855E-15
7119.46971035004  1.982080E-15
7122.3288230896  2.069957E-15
7125.18793582917  2.033214E-15
7128.04704856873  1.940060E-15
7130.90616130829  1.872778E-15
7133.76527404785  1.921483E-15
7136.62438678742  1.969868E-15
7139.48349952698  2.001098E-15
7142.34261226654  1.952123E-15
7145.20172500611  1.797157E-15
7148.06083774567  1.921579E-15
7150.91995048523  1.900931E-15
7153.77906322479  1.811227E-15
7156.63817596436  1.874233E-15
7159.49728870392  1.833114E-15
7162.35640144348  1.788312E-15
7165.21551418305  1.884899E-15
7168.07462692261  1.894908E-15
7170.93373966217  1.769189E-15
7173.79285240174  1.773211E-15
7176.6519651413  1.760908E-15
7179.51107788086  1.746251E-15
7182.37019062043  1.811753E-15
7185.22930335999  1.798627E-15
7188.08841609955  1.705310E-15
7190.94752883911  1.736521E-15
7193.80664157868  1.675551E-15
7196.66575431824  1.805309E-15
7199.5248670578  1.776077E-15
7202.38397979737  1.806512E-15
7205.24309253693  1.794525E-15
7208.10220527649  1.749608E-15
7210.96131801606  1.713410E-15
7213.82043075562  1.870845E-15
7216.67954349518  1.704280E-15
7219.53865623474  1.765828E-15
7222.39776897431  1.881389E-15
7225.25688171387  1.883089E-15
7228.11599445343  1.886958E-15
7230.975107193  2.053182E-15
7233.83421993256  1.920852E-15
7236.69333267212  1.850184E-15
7239.55244541168  1.818707E-15
7242.41155815125  1.701438E-15
7245.27067089081  1.876907E-15
7248.12978363037  1.889487E-15
7250.98889636994  1.725431E-15
7253.8480091095  1.838239E-15
7256.70712184906  1.873413E-15
7259.56623458863  1.806352E-15
7262.42534732819  1.725686E-15
7265.28446006775  1.744078E-15
7268.14357280731  1.657366E-15
7271.00268554688  1.829164E-15
7273.86179828644  1.738573E-15
7276.72091102601  1.723831E-15
7279.58002376557  1.737760E-15
7282.43913650513  1.838297E-15
7285.29824924469  1.667060E-15
7288.15736198426  1.764858E-15
7291.01647472382  1.827378E-15
7293.87558746338  1.731575E-15
7296.73470020295  1.735745E-15
7299.59381294251  1.795677E-15
7302.45292568207  1.732536E-15
7305.31203842163  1.734070E-15
7308.1711511612  1.754838E-15
7311.03026390076  1.730009E-15
7313.88937664032  1.835988E-15
7316.74848937989  1.658298E-15
7319.60760211945  1.693026E-15
7322.46671485901  1.742964E-15
7325.32582759857  1.606724E-15
7328.18494033814  1.605414E-15
7331.0440530777  1.620417E-15
7333.90316581726  1.826988E-15
7336.76227855683  1.843373E-15
7339.62139129639  1.880186E-15
7342.48050403595  1.596929E-15
7345.33961677552  1.735551E-15
7348.19872951508  1.797570E-15
7351.05784225464  1.751813E-15
7353.9169549942  1.619134E-15
7356.77606773377  1.590887E-15
7359.63518047333  1.705971E-15
7362.49429321289  1.773807E-15
7365.35340595246  1.795582E-15
7368.21251869202  1.812025E-15
7371.07163143158  1.671769E-15
7373.93074417115  1.604542E-15
7376.78985691071  1.645368E-15
7379.64896965027  1.653861E-15
7382.50808238983  1.617557E-15
7385.3671951294  1.624121E-15
7388.22630786896  1.609977E-15
7391.08542060852  1.548760E-15
7393.94453334809  1.649950E-15
7396.80364608765  1.591957E-15
7399.66275882721  1.600374E-15
7402.52187156678  1.611326E-15
7405.38098430634  1.653822E-15
7408.2400970459  1.561792E-15
7411.09920978546  1.553485E-15
7413.95832252503  1.646551E-15
7416.81743526459  1.622534E-15
7419.67654800415  1.643270E-15
7422.53566074372  1.759583E-15
7425.39477348328  1.630998E-15
7428.25388622284  1.488722E-15
7431.11299896241  1.622158E-15
7433.97211170197  1.595098E-15
7436.83122444153  1.573966E-15
7439.69033718109  1.600337E-15
7442.54944992066  1.693923E-15
7445.40856266022  1.660933E-15
7448.26767539978  1.666489E-15
7451.12678813935  1.517675E-15
7453.98590087891  1.503594E-15
7456.84501361847  1.521190E-15
7459.70412635804  1.583007E-15
7462.5632390976  1.605795E-15
7465.42235183716  1.594136E-15
7468.28146457672  1.585594E-15
7471.14057731629  1.554202E-15
7473.99969005585  1.516570E-15
7476.85880279541  1.609915E-15
7479.71791553498  1.639599E-15
7482.57702827454  1.603750E-15
7485.4361410141  1.629423E-15
7488.29525375367  1.612512E-15
7491.15436649323  1.595825E-15
7494.01347923279  1.476712E-15
7496.87259197235  1.687097E-15
7499.73170471192  1.578787E-15
7502.59081745148  1.526347E-15
7505.44993019104  1.540199E-15
7508.30904293061  1.681096E-15
7511.16815567017  1.482827E-15
7514.02726840973  1.450864E-15
7516.8863811493  1.707803E-15
7519.74549388886  1.657519E-15
7522.60460662842  1.536791E-15
7525.46371936798  1.564080E-15
7528.32283210755  1.646539E-15
7531.18194484711  1.548059E-15
7534.04105758667  1.439206E-15
7536.90017032624  1.512754E-15
7539.7592830658  1.628707E-15
7542.61839580536  1.523423E-15
7545.47750854493  1.621226E-15
7548.33662128449  1.565785E-15
7551.19573402405  1.557569E-15
7554.05484676361  1.522729E-15
7556.91395950318  1.502625E-15
7559.77307224274  1.552525E-15
7562.6321849823  1.615089E-15
7565.49129772187  1.455635E-15
7568.35041046143  1.431629E-15
7571.20952320099  1.501158E-15
7574.06863594055  1.472880E-15
7576.92774868012  1.561255E-15
7579.78686141968  1.490015E-15
7582.64597415924  1.474384E-15
7585.50508689881  1.408477E-15
7588.36419963837  1.351281E-15
7591.22331237793  1.338676E-15
7594.0824251175  1.435154E-15
7596.94153785706  1.272519E-15
7599.80065059662  1.628972E-15
7602.65976333619  1.448901E-15
7605.51887607575  1.095450E-15
7608.37798881531  1.525645E-15
7611.23710155487  1.614186E-15
7614.09621429444  1.486325E-15
7616.955327034  1.309189E-15
7619.81443977356  1.435605E-15
7622.67355251313  1.617551E-15
7625.53266525269  1.533537E-15
7628.39177799225  1.583596E-15
7631.25089073182  1.650709E-15
7634.11000347138  1.430552E-15
7636.96911621094  1.498311E-15
7639.8282289505  1.587131E-15
7642.68734169007  1.394081E-15
7645.54645442963  1.460822E-15
7648.40556716919  1.384871E-15
7651.26467990876  1.542097E-15
7654.12379264832  1.515238E-15
7656.98290538788  1.585756E-15
7659.84201812745  1.622406E-15
7662.70113086701  1.619136E-15
7665.56024360657  1.494529E-15
7668.41935634613  1.467270E-15
7671.2784690857  1.598969E-15
7674.13758182526  1.565265E-15
7676.99669456482  1.523503E-15
7679.85580730439  1.680626E-15
7682.71492004395  1.569062E-15
7685.57403278351  1.496545E-15
7688.43314552308  1.464521E-15
7691.29225826264  1.544608E-15
7694.1513710022  1.397748E-15
7697.01048374176  1.536422E-15
7699.86959648133  1.545581E-15
7702.72870922089  1.534931E-15
7705.58782196045  1.580172E-15
7708.44693470002  1.550605E-15
7711.30604743958  1.473059E-15
7714.16516017914  1.450552E-15
7717.0242729187  1.520131E-15
7719.88338565827  1.497064E-15
7722.74249839783  1.441212E-15
7725.60161113739  1.574148E-15
7728.46072387696  1.615395E-15
7731.31983661652  1.572518E-15
7734.17894935608  1.327716E-15
7737.03806209565  1.317459E-15
7739.89717483521  1.388220E-15
7742.75628757477  1.389613E-15
7745.61540031433  1.583558E-15
7748.4745130539  1.624425E-15
7751.33362579346  1.621043E-15
7754.19273853302  1.530189E-15
7757.05185127259  1.535216E-15
7759.91096401215  1.566716E-15
7762.77007675171  1.477753E-15
7765.62918949128  1.425369E-15
7768.48830223084  1.438206E-15
7771.3474149704  1.337611E-15
7774.20652770996  1.440568E-15
7777.06564044953  1.516779E-15
7779.92475318909  1.623377E-15
7782.78386592865  1.614314E-15
7785.64297866822  1.558989E-15
7788.50209140778  1.569707E-15
7791.36120414734  1.564248E-15
7794.2203168869  1.607122E-15
7797.07942962647  1.492469E-15
7799.93854236603  1.535252E-15
7802.79765510559  1.669372E-15
7805.65676784516  1.589971E-15
7808.51588058472  1.551339E-15
7811.37499332428  1.524038E-15
7814.23410606385  1.414391E-15
7817.09321880341  1.573204E-15
7819.95233154297  1.578583E-15
7822.81144428253  1.550920E-15
7825.6705570221  1.474049E-15
7828.52966976166  1.589937E-15
7831.38878250122  1.612435E-15
7834.24789524079  1.560923E-15
7837.10700798035  1.482217E-15
7839.96612071991  1.569332E-15
7842.82523345948  1.543320E-15
7845.68434619904  1.469489E-15
7848.5434589386  1.471864E-15
7851.40257167816  1.406523E-15
7854.26168441773  1.466565E-15
7857.12079715729  1.654067E-15
7859.97990989685  1.582832E-15
7862.83902263642  1.591397E-15
7865.69813537598  1.382304E-15
7868.55724811554  1.515984E-15
7871.41636085511  1.470884E-15
7874.27547359467  1.360778E-15
7877.13458633423  1.524065E-15
7879.9936990738  1.652088E-15
7882.85281181336  1.608408E-15
7885.71192455292  1.524437E-15
7888.57103729248  1.555511E-15
7891.43015003205  1.648276E-15
7894.28926277161  1.689019E-15
7897.14837551117  1.515443E-15
7900.00748825073  1.522473E-15
7902.8666009903  1.577995E-15
7905.72571372986  1.805792E-15
7908.58482646943  1.496031E-15
7911.44393920899  1.645768E-15
7914.30305194855  1.612089E-15
7917.16216468811  1.570067E-15
7920.02127742768  1.739036E-15
7922.88039016724  1.790962E-15
7925.7395029068  1.716081E-15
7928.59861564637  1.678335E-15
7931.45772838593  1.632751E-15
7934.31684112549  1.645488E-15
7937.17595386505  1.522789E-15
7940.03506660462  1.506055E-15
7942.89417934418  1.596216E-15
7945.75329208374  1.528277E-15
7948.61240482331  1.590949E-15
7951.47151756287  1.557738E-15
7954.33063030243  1.595600E-15
7957.189743042  1.687884E-15
7960.04885578156  1.585181E-15
7962.90796852112  1.536107E-15
7965.76708126068  1.520559E-15
7968.62619400025  1.516594E-15
7971.48530673981  1.575736E-15
7974.34441947937  1.421694E-15
7977.20353221894  1.488862E-15
7980.0626449585  1.410674E-15
7982.92175769806  1.516398E-15
7985.78087043763  1.592865E-15
7988.63998317719  1.491684E-15
7991.49909591675  1.468318E-15
7994.35820865631  1.363286E-15
7997.21732139588  1.374412E-15
8000.07643413544  1.561024E-15
8002.935546875  1.552307E-15
8005.79465961457  1.515500E-15
8008.65377235413  1.561657E-15
8011.51288509369  1.505242E-15
8014.37199783326  1.382037E-15
8017.23111057282  1.474476E-15
8020.09022331238  1.338144E-15
8022.94933605194  1.430064E-15
8025.80844879151  1.462559E-15
8028.66756153107  1.289187E-15
8031.52667427063  1.451267E-15
8034.3857870102  1.603273E-15
8037.24489974976  1.514846E-15
8040.10401248932  1.564424E-15
8042.96312522888  1.466528E-15
8045.82223796845  1.437553E-15
8048.68135070801  1.561406E-15
8051.54046344758  1.661043E-15
8054.39957618714  1.474922E-15
8057.2586889267  1.643633E-15
8060.11780166626  1.451559E-15
8062.97691440583  1.488319E-15
8065.83602714539  1.479622E-15
8068.69513988495  1.484543E-15
8071.55425262451  1.531586E-15
8074.41336536408  1.439873E-15
8077.27247810364  1.549908E-15
8080.1315908432  1.581670E-15
8082.99070358277  1.565592E-15
8085.84981632233  1.581239E-15
8088.70892906189  1.515906E-15
8091.56804180146  1.541942E-15
8094.42715454102  1.584666E-15
8097.28626728058  1.473317E-15
8100.14538002015  1.431553E-15
8103.00449275971  1.435110E-15
8105.86360549927  1.468014E-15
8108.72271823883  1.512691E-15
8111.5818309784  1.540446E-15
8114.44094371796  1.588285E-15
8117.30005645752  1.525725E-15
8120.15916919708  1.474235E-15
8123.01828193665  1.613743E-15
8125.87739467621  1.466748E-15
8128.73650741578  1.421148E-15
8131.59562015534  1.415769E-15
8134.4547328949  1.452608E-15
8137.31384563446  1.545259E-15
8140.17295837403  1.481909E-15
8143.03207111359  1.355706E-15
8145.89118385315  1.448470E-15
8148.75029659272  1.461181E-15
8151.60940933228  1.316985E-15
8154.46852207184  1.372963E-15
8157.3276348114  1.519093E-15
8160.18674755097  1.591777E-15
8163.04586029053  1.562430E-15
8165.90497303009  1.584106E-15
8168.76408576966  1.595701E-15
8171.62319850922  1.515248E-15
8174.48231124878  1.394613E-15
8177.34142398835  1.391418E-15
8180.20053672791  1.471243E-15
8183.05964946747  1.368899E-15
8185.91876220703  1.352334E-15
8188.7778749466  1.481548E-15
8191.63698768616  1.493418E-15
8194.49610042572  1.394079E-15
8197.35521316529  1.489608E-15
8200.21432590485  1.524908E-15
8203.07343864441  1.449088E-15
8205.93255138398  1.450584E-15
8208.79166412354  1.488246E-15
8211.6507768631  1.450718E-15
8214.50988960267  1.400935E-15
8217.36900234223  1.481448E-15
8220.22811508179  1.286868E-15
8223.08722782135  1.290046E-15
8225.94634056092  1.393786E-15
8228.80545330048  1.450974E-15
8231.66456604004  1.474466E-15
8234.52367877961  1.455403E-15
8237.38279151917  1.436072E-15
8240.24190425873  1.478941E-15
8243.1010169983  1.531953E-15
8245.96012973786  1.550112E-15
8248.81924247742  1.604731E-15
8251.67835521699  1.451849E-15
8254.53746795655  1.458827E-15
8257.39658069611  1.480954E-15
8260.25569343567  1.556333E-15
8263.11480617524  1.580138E-15
8265.9739189148  1.508689E-15
8268.83303165436  1.565971E-15
8271.69214439392  1.528408E-15
8274.55125713349  1.481824E-15
8277.41036987305  1.599666E-15
8280.26948261261  1.392137E-15
8283.12859535218  1.321828E-15
8285.98770809174  1.555172E-15
8288.8468208313  1.378501E-15
8291.70593357087  1.537805E-15
8294.56504631043  1.540507E-15
8297.42415904999  1.341791E-15
8300.28327178956  1.396598E-15
8303.14238452912  1.426291E-15
8306.00149726868  1.339142E-15
8308.86061000824  1.451718E-15
8311.71972274781  1.586730E-15
8314.57883548737  1.599202E-15
8317.43794822693  1.774208E-15
8320.2970609665  1.589982E-15
8323.15617370606  1.604100E-15
8326.01528644562  1.499079E-15
8328.87439918519  1.395787E-15
8331.73351192475  1.622737E-15
8334.59262466431  1.784581E-15
8337.45173740387  1.782312E-15
8340.31085014344  1.579055E-15
8343.169962883  1.538091E-15
8346.02907562256  1.572506E-15
8348.88818836213  1.664379E-15
8351.74730110169  1.491748E-15
8354.60641384125  1.347315E-15
8357.46552658081  1.432268E-15
8360.32463932038  1.549850E-15
8363.18375205994  1.510146E-15
8366.0428647995  1.406935E-15
8368.90197753907  1.379493E-15
8371.76109027863  1.493908E-15
8374.62020301819  1.366579E-15
8377.47931575776  1.499825E-15
8380.33842849732  1.487455E-15
8383.19754123688  1.244624E-15
8386.05665397645  1.481649E-15
8388.91576671601  1.481974E-15
8391.77487945557  1.249423E-15
8394.63399219513  1.414245E-15
8397.4931049347  1.529969E-15
8400.35221767426  1.661058E-15
8403.21133041382  1.565806E-15
8406.07044315339  1.384296E-15
8408.92955589295  1.348830E-15
8411.78866863251  1.234460E-15
8414.64778137207  1.228122E-15
8417.50689411164  1.128483E-15
8420.3660068512  1.181989E-15
8423.22511959077  1.294201E-15
8426.08423233033  1.209074E-15
8428.94334506989  1.372421E-15
8431.80245780945  1.199010E-15
8434.66157054902  1.248342E-15
8437.52068328858  1.292002E-15
8440.37979602814  1.282841E-15
8443.2389087677  1.243429E-15
8446.09802150727  1.272290E-15
8448.95713424683  1.347801E-15
8451.81624698639  1.304714E-15
8454.67535972596  1.291625E-15
8457.53447246552  1.226835E-15
8460.39358520508  1.323947E-15
8463.25269794465  1.551049E-15
8466.11181068421  1.468931E-15
8468.97092342377  1.381337E-15
8471.83003616334  1.245773E-15
8474.6891489029  1.298182E-15
8477.54826164246  1.440822E-15
8480.40737438202  1.399652E-15
8483.26648712159  1.474921E-15
8486.12559986115  1.382377E-15
8488.98471260071  1.256122E-15
8491.84382534027  1.101190E-15
8494.70293807984  1.311909E-15
8497.5620508194  1.342038E-15
8500.42116355896  1.193491E-15
8503.28027629853  1.286030E-15
8506.13938903809  1.263845E-15
8508.99850177765  1.159508E-15
8511.85761451722  1.344742E-15
8514.71672725678  1.189751E-15
8517.57583999634  1.162778E-15
8520.43495273591  1.278634E-15
8523.29406547547  1.187569E-15
8526.15317821503  1.229451E-15
8529.01229095459  1.170658E-15
8531.87140369416  1.121833E-15
8534.73051643372  1.302194E-15
8537.58962917328  1.290555E-15
8540.44874191285  1.197070E-15
8543.30785465241  1.265113E-15
8546.16696739197  1.229250E-15
8549.02608013153  1.254320E-15
8551.8851928711  1.243977E-15
8554.74430561066  1.137769E-15
8557.60341835022  1.057438E-15
8560.46253108979  1.054430E-15
8563.32164382935  1.126593E-15
8566.18075656891  1.202743E-15
8569.03986930848  1.209930E-15
8571.89898204804  1.252433E-15
8574.7580947876  1.165579E-15
8577.61720752717  1.180225E-15
8580.47632026673  1.250426E-15
8583.33543300629  1.327376E-15
8586.19454574585  1.314629E-15
8589.05365848542  1.244537E-15
8591.91277122498  1.349436E-15
8594.77188396454  1.253877E-15
8597.6309967041  1.311337E-15
8600.49010944367  1.231701E-15
8603.34922218323  1.280190E-15
8606.20833492279  1.261558E-15
8609.06744766236  1.213849E-15
8611.92656040192  1.141670E-15
8614.78567314148  1.059986E-15
8617.64478588105  1.124289E-15
8620.50389862061  1.237181E-15
8623.36301136017  1.127009E-15
8626.22212409974  1.184418E-15
8629.0812368393  1.312300E-15
8631.94034957886  1.359320E-15
8634.79946231842  1.101044E-15
8637.65857505799  1.059128E-15
8640.51768779755  1.239752E-15
8643.37680053711  1.106200E-15
8646.23591327667  1.131088E-15
8649.09502601624  1.282814E-15
8651.9541387558  1.239795E-15
8654.81325149537  1.061976E-15
8657.67236423493  1.279355E-15
8660.53147697449  1.389449E-15
8663.39058971405  1.078237E-15
8666.24970245362  1.062153E-15
8669.10881519318  1.185429E-15
8671.96792793274  1.130021E-15
8674.82704067231  1.246698E-15
8677.68615341187  1.094191E-15
8680.54526615143  1.018441E-15
8683.40437889099  1.158765E-15
8686.26349163056  1.254995E-15
8689.12260437012  1.220925E-15
8691.98171710968  1.137774E-15
8694.84082984925  1.179698E-15
8697.69994258881  1.167070E-15
8700.55905532837  1.194745E-15
8703.41816806794  1.233764E-15
8706.2772808075  1.225586E-15
8709.13639354706  1.202460E-15
8711.99550628662  1.195860E-15
8714.85461902619  1.182176E-15
8717.71373176575  1.038949E-15
8720.57284450531  1.138053E-15
8723.43195724488  1.063223E-15
8726.29106998444  1.177332E-15
8729.150182724  1.290747E-15
8732.00929546357  1.146117E-15
8734.86840820313  1.159932E-15
8737.72752094269  1.295865E-15
8740.58663368225  1.095092E-15
8743.44574642182  1.261814E-15
8746.30485916138  1.143432E-15
8749.16397190095  1.083417E-15
8752.02308464051  1.029054E-15
8754.88219738007  8.570732E-16
8757.74131011963  1.060020E-15
8760.6004228592  1.231649E-15
8763.45953559876  9.778138E-16
8766.31864833832  9.824809E-16
8769.17776107788  1.079233E-15
8772.03687381745  1.076986E-15
8774.89598655701  1.282855E-15
8777.75509929657  1.206666E-15
8780.61421203614  1.212975E-15
8783.4733247757  1.124492E-15
8786.33243751526  1.381183E-15
8789.19155025482  2.246446E-15
8792.05066299439  2.004266E-15
8794.90977573395  1.302492E-15
8797.76888847352  1.184225E-15
8800.62800121308  1.374215E-15
8803.48711395264  1.322387E-15
8806.3462266922  1.177179E-15
8809.20533943177  1.135619E-15
8812.06445217133  1.160251E-15
8814.92356491089  1.246925E-15
8817.78267765045  1.232366E-15
8820.64179039002  8.586801E-16
8823.50090312958  1.182066E-15
8826.36001586915  1.139605E-15
8829.21912860871  9.350506E-16
8832.07824134827  1.150160E-15
8834.93735408783  1.012344E-15
8837.7964668274  1.031865E-15
8840.65557956696  8.189414E-16
8843.51469230652  1.064236E-15
8846.37380504609  1.176378E-15
8849.23291778565  1.288972E-15
8852.09203052521  1.299662E-15
8854.95114326477  1.340903E-15
8857.81025600434  1.383676E-15
8860.6693687439  1.195732E-15
8863.52848148346  1.416533E-15
8866.38759422303  1.198753E-15
8869.24670696259  1.272466E-15
8872.10581970215  1.377592E-15
8874.96493244172  1.508873E-15
8877.82404518128  1.605846E-15
8880.68315792084  1.377472E-15
8883.5422706604  1.545749E-15
8886.40138339997  1.330055E-15
8889.26049613953  1.588927E-15
8892.11960887909  1.521327E-15
8894.97872161866  1.208903E-15
8897.83783435822  1.150526E-15
8900.69694709778  1.146988E-15
8903.55605983735  1.142333E-15
8906.41517257691  1.136310E-15
8909.27428531647  1.128965E-15
8912.13339805603  1.120428E-15
8914.9925107956  1.110617E-15
8917.85162353516  1.099681E-15
8920.71073627472  1.087625E-15
8923.56984901429  1.074449E-15
8926.42896175385  1.060191E-15
8929.28807449341  1.042600E-15
