1.733649600000000035e+01
2.882892000000000010e+00
6.331654000000000337e+00
7.834320000000000173e-01
1.611993999999999927e+00
8.642560000000000242e-01
6.556940419999999676e+02
1.086956521999999950e+03
5.398635960000000296e+02
7.299270080000000007e+02
5.347593580000000202e+02
3.474164380000000278e+02
3.733033399999999915e+02
5.655582140000000209e+02
7.623173279999999750e+02
4.950030499999999734e+02
6.229868360000000393e+02
5.738894000000000233e+02
9.520937159999999722e+02
4.601754920000000197e+02
5.439744580000000269e+02
6.548886380000000145e+02
7.566175759999999855e+02
5.489949599999999919e+02
4.958864740000000211e+02
5.746362380000000485e+02
7.066124180000000479e+02
2.635573979999999779e+02
4.605295439999999871e+02
4.157859260000000177e+02
8.502155920000000151e+02
4.191533900000000017e+02
9.104743559999999434e+02
4.391312120000000050e+02
1.531393999999999922e+00
6.282239999999999824e+00
4.110613979999999970e+02
6.349205999999999683e+00
2.192982000000000209e+00
1.065426860000000033e+03
2.120999999999999996e+00
5.434174200000000354e+01
7.784328000000000358e+00
3.726475999999999900e+00
1.788548000000000027e+00
2.133493999999999780e+00
3.162875999999999799e+00
2.159184000000000214e+00
1.643258000000000107e+00
1.463527999999999940e+00
5.638061999999999685e+00
1.044690199999999969e+01
1.438847999999999905e+00
nan
2.401215999999999795e+00
9.455500000000000016e-01
4.236959999999999837e+00
2.709798000000000151e+00
2.007983999999999991e+00
3.139717999999999787e+00
9.188597400000000448e+01
1.745352000000000015e+00
2.493640000000000023e-01
1.339045999999999959e+00
7.772568519999999808e+02
6.756756759999999531e+02
1.191068000000000016e+00
5.644870000000000054e+00
1.443001999999999896e+00
2.405080399999999941e+01
1.670307999999999904e+00
2.476582000000000061e+00
1.558046000000000042e+00
1.867207999999999979e+00
1.584786000000000028e+00
4.649139999999999939e-01
2.904689999999999994e+00
6.137171999999999628e+00
3.835418000000000216e+00
1.971627000000000152e+01
7.340020000000000433e-01
1.439891999999999950e+00
5.440903620000000274e+02
1.170800000000000063e+00
5.745078000000000351e+00
4.315240000000000187e+00
1.460263199999999983e+01
4.822029999999999816e+00
2.785660000000000025e+00
1.602613999999999983e+00
1.126541999999999932e+00
7.340779999999999639e+00
1.635391999999999957e+00
4.283950600000000009e+01
2.131968000000000085e+00
2.301759999999999917e-01
1.018737800000000071e+01
1.365499999999999936e+00
7.281600000000000295e-01
2.401705999999999896e+00
8.458198280000000295e+02
nan
1.104020000000000001e+00
8.504319999999999657e-01
3.958044000000000118e+00
1.482375999999999916e+00
3.043402199999999880e+01
3.171828000000000092e+00
1.879863999999999979e+00
1.132370000000000099e+00
1.856435999999999975e+00
5.313687999999999967e+00
8.138254399999999578e+01
3.643784000000000134e+00
8.609221099999999751e+02
1.942314000000000096e+00
2.478622000000000103e+00
1.363493999999999984e+00
1.294164000000000092e+00
3.378378000000000103e+00
1.357774000000000036e+00
9.398060000000000302e-01
7.689838700000000244e+02
9.212600000000000122e+00
8.497799999999999798e-02
7.869200200000000223e+02
4.467191999999999830e+00
1.362397799999999926e+01
1.656773999999999969e+00
1.441354000000000024e+00
2.319916000000000089e+00
6.329113919999999780e+02
5.399568040000000337e+02
1.013017999999999974e+00
3.853674320000000080e+02
6.596140000000000336e-01
5.941413999999999973e+00
1.465546000000000015e+00
2.238840000000000163e+00
2.799084000000000128e+00
7.429406000000000176e+00
1.135116000000000014e+00
7.319067260000000488e+02
9.726639999999999731e-01
6.061819580000000087e+02
1.059322000000000097e+00
1.984836000000000045e+00
7.701120000000000188e-01
1.033870000000000067e+00
1.631313999999999931e+00
5.112127199999999760e+01
8.261840000000000295e-01
2.120890800000000098e+01
nan
4.503444000000000003e+00
1.015073399999999992e+01
8.830631999999999593e+00
1.278902199999999922e+01
2.185654200000000102e+01
2.518027999999999977e+01
3.668013999999999886e+00
3.904767999999999795e+00
1.212121219999999937e+02
7.692307700000000068e+02
3.363739999999999952e+00
7.781574600000000430e+01
1.088732000000000033e+00
2.652519999999999989e+00
1.064680000000000071e+00
2.911207999999999796e+00
1.850138000000000060e+00
5.118820000000000370e+00
3.056233999999999895e+00
4.542531999999999570e+00
2.641592000000000162e+00
2.203039999999999998e-01
6.872852239999999711e+02
1.611604000000000037e+00
5.792059999999999986e-01
9.253660000000000219e-01
2.221961999999999993e+00
2.168082000000000065e+00
6.129713999999999885e+00
3.473758920000000217e+02
9.139979999999999771e-01
4.440019999999999634e+00
4.173936000000000313e+00
4.566061999999999621e+00
8.148156000000000176e+00
3.643390000000000128e+00
4.368546599999999813e+01
1.439742000000000077e+00
5.869760000000000311e+00
6.241754000000000246e+00
1.708334999999999937e+01
2.499588000000000143e+00
3.961180000000000145e+00
8.009579999999999478e-01
8.643402000000000029e+00
1.061863999999999919e+00
1.763824000000000058e+00
1.765106000000000064e+00
3.470960000000000156e-01
3.132019999999999804e+00
2.893304000000000098e+00
5.899705020000000104e+02
4.931163139999999885e+02
2.612966799999999878e+01
6.209988000000000063e+00
4.007554139999999734e+02
6.244714000000000098e+00
8.994160000000000821e+00
2.191752000000000145e+00
5.878847999999999629e+00
3.883496000000000059e+00
7.598448000000000313e+00
8.276699999999999946e+00
4.614454000000000278e+00
2.965019999999999989e+00
5.642742000000000147e+00
2.485400000000000109e-01
5.339679999999999982e-01
2.901816000000000173e+00
2.049733999999999945e+00
2.205071999999999921e+00
3.111664000000000208e+00
1.740348000000000006e+00
2.076804000000000094e+00
1.271580999999999939e+01
4.557718980000000215e+02
2.042899999999999938e+00
5.989384600000000347e+01
nan
1.100373999999999963e+00
9.500087999999999866e+00
9.974498000000000530e+00
1.605321999999999916e+00
1.775990600000000086e+01
1.240523799999999994e+02
1.397055199999999964e+01
3.814821999999999935e+00
3.954937199999999820e+01
1.555191999999999908e+00
4.703789999999999694e+00
8.130915999999999144e+00
2.821056000000000008e+00
nan
1.862317999999999918e+00
7.032720000000000082e-01
1.146131999999999929e+00
4.301435999999999815e+00
1.743821999999999983e+00
2.415932000000000190e+00
7.823602560000000494e+02
4.582674399999999792e+01
8.844220000000000415e-01
5.050898000000000110e+00
7.331501500000000533e+02
1.858389999999999986e+00
2.114511999999999947e+00
3.590792400000000129e+01
5.179569579999999860e+02
1.194436000000000053e+00
7.398380000000000400e+00
1.416339999999999932e+00
6.711808000000000440e+00
4.505810000000000315e+00
6.532011240000000498e+02
3.229983999999999966e+00
5.970862000000000336e+00
6.351889099999999644e+02
1.924552000000000040e+00
7.408667999999999587e+00
6.931481399999999837e+01
7.348111040000000003e+02
nan
6.002252000000000365e+00
3.258604000000000056e+00
1.924786000000000108e+00
4.012865999999999822e+00
5.771630000000000038e+00
4.202696000000000431e+00
9.174320000000000253e-01
1.611056000000000044e+00
4.196189999999999642e+00
2.938692000000000082e+00
1.601858000000000004e+00
1.607175999999999938e+00
1.802143600000000134e+01
6.949270000000000280e+00
6.725057999999999758e+00
8.435280000000000555e+00
6.147780000000000467e-01
5.907285999999999859e+01
4.201679999999999637e+00
5.068731999999999971e+02
1.007762000000000047e+00
6.971184640000000172e+02
nan
2.258994460000000117e+02
3.040099999999999802e+00
2.212601999999999958e+00
7.968127500000000509e+02
1.619626000000000010e+00
4.797319999999999918e-01
2.164375999999999856e+00
4.210526320000000169e+02
1.646848000000000090e+00
1.632980000000000098e+00
1.091960000000000086e+01
3.550537999999999972e+00
5.195768000000000164e+00
3.139717999999999787e+00
1.022124200000000016e+01
3.003032000000000146e+00
5.809060000000000201e+01
4.121430000000000149e+00
1.647324000000000011e+00
3.642344699999999875e+02
2.051861999999999853e+00
2.383480000000000043e-01
1.286802959999999985e+02
4.713519999999999932e+00
5.810060000000000224e-01
7.947269999999999612e+00
3.920335999999999821e+00
4.889811659999999733e+02
1.113429999999999920e+00
1.280000000000000071e+01
4.112799999999999789e-01
6.242852000000000068e+00
8.810813799999999674e+01
7.211199999999999832e-01
5.334459999999999980e+00
2.929240000000000177e-01
6.371019499999999880e+02
6.930639919999999847e+02
1.199311800000000083e+01
3.299291999999999891e+00
2.173999999999999844e+01
9.309317999999999316e+00
7.165820000000000523e-01
4.905561999999999756e+00
1.825730000000000075e+00
1.702307999999999932e+00
2.185275999999999996e+00
5.749157079999999951e+02
9.552840000000000220e-01
1.386625999999999914e+00
2.931411999999999907e+00
1.831501999999999963e+00
7.299999999999999822e+00
3.501053999999999888e+00
nan
9.124139999999999473e-01
9.694139999999999979e-01
1.758959999999999968e-01
3.797635999999999790e+00
2.308537999999999979e+00
3.654955999999999872e+00
1.602178000000000102e+00
4.144254000000000104e+00
3.763644000000000212e+00
1.547698000000000018e+00
3.100000000000000089e+00
4.605724000000000373e+00
2.618685999999999847e+00
9.253860000000000419e-01
1.615339999999999998e+00
1.602093400000000045e+01
1.862950000000000106e+00
3.666727999999999987e+00
5.041234000000000215e+00
1.773058199999999829e+01
2.312478000000000034e+00
2.028120159999999998e+02
3.768888000000000016e+00
1.481481479999999920e+02
1.081714000000000064e+00
6.416972000000000342e+00
1.651285599999999931e+01
5.199600000000000222e+00
3.694096000000000046e+00
2.238929999999999865e+01
2.708428000000000058e+00
1.570143999999999984e+00
nan
2.660899999999999821e+00
6.481288000000000160e+00
1.173745999999999956e+00
4.450981999999999772e+00
2.775412000000000212e+00
3.103886000000000145e+00
1.464277999999999968e+00
9.571407999999999916e+00
7.027406879999999774e+02
1.791956000000000104e+00
3.345879999999999965e-01
4.420866000000000184e+00
5.435474000000000139e+00
1.248261999999999983e+00
1.622017999999999960e+00
1.577863999999999933e+00
3.091852799999999846e+01
3.477824000000000026e+00
2.077900000000000080e+00
8.231771999999999423e+00
6.120210000000000150e+00
1.800236840000000029e+02
4.524936000000000291e+00
3.028864000000000001e+00
2.072166000000000174e+00
3.639315999999999995e+00
2.023715999999999848e+00
5.775319999999999787e+00
5.867612000000000272e+00
7.887749999999999595e+00
4.979762000000000022e+00
1.873202200000000062e+01
1.467470000000000052e+00
1.266583999999999932e+00
1.310542000000000096e+00
2.461235999999999979e+00
1.643418000000000045e+00
1.275516000000000094e+00
4.644389999999999574e+00
2.104623999999999828e+00
2.066115700000000004e+02
nan
2.679749999999999854e+00
2.704509999999999970e+00
2.625053999999999998e+00
9.706860000000000488e-01
9.562519999999999909e-01
1.106764000000000081e+00
4.312176200000000108e+02
1.035395999999999983e+00
4.553559999999999830e-01
3.506254000000000204e+00
1.384295999999999971e+00
2.080083999999999822e+00
2.284534000000000020e+01
3.408441999999999972e+00
3.036939999999999973e+00
3.010285999999999795e+00
2.474743999999999833e+00
1.839220000000000077e+00
3.752524000000000193e+00
3.507146000000000097e+00
8.970900000000000540e-01
6.031626000000000154e+00
1.821981999999999990e+00
2.350137999999999838e+00
3.124924000000000035e+00
9.417172000000000764e+00
1.414628891999999951e+03
1.455799999999999983e+00
7.903101999999999627e+00
4.229665999999999926e+00
2.319857999999999976e+00
1.000500250000000051e+03
1.160293999999999937e+00
9.825272000000000006e+00
2.984691999999999901e+00
4.541614000000000040e+00
7.822365999999999708e+00
1.392146000000000106e+00
1.203966000000000092e+00
2.586100000000000065e-01
2.572344000000000186e+00
2.803125999999999785e+00
6.513084000000000096e+00
nan
2.392923999999999829e+00
nan
7.942979999999999485e-01
6.449532400000000507e+02
3.805356739999999718e+02
9.373860000000000525e-01
2.439243999999999968e+00
4.515681999999999974e+00
1.325555999999999957e+00
1.429779800000000023e+01
2.598800000000000221e+00
2.277015799999999857e+01
1.862432199999999938e+01
4.417106000000000421e+00
3.972490000000000077e+00
8.552438100000000532e+02
2.406738800000000111e+01
1.108219999999999983e+00
1.230779000000000067e+01
1.615110000000000046e+00
1.423677200000000020e+01
2.984957999999999778e+00
1.215588960000000043e+02
1.216747999999999941e+00
1.184842918000000054e+03
1.794165599999999827e+01
3.874313660000000255e+02
2.188106399999999852e+01
6.527184000000000097e+00
8.306959999999999900e-01
4.308370000000000033e+00
1.738237999999999950e+00
3.450794000000000139e+00
6.963772800000000416e+02
3.918730000000000047e+00
3.748816000000000148e+00
5.868544600000000173e+02
6.932034600000000069e+01
3.021183999999999870e+00
1.442617999999999956e+00
1.708136000000000099e+00
6.929879999999999818e+00
1.438550000000000040e+01
8.333333399999999358e+01
2.675862999999999943e+02
6.129865999999999815e+00
5.413774000000000086e+00
6.054587999999999859e+00
1.007803200000000032e+01
4.287095699999999852e+02
1.616483600000000109e+01
1.624293999999999905e+00
9.081320000000000503e-01
3.099779999999999758e-01
1.107471800000000073e+01
5.210633999999999766e+00
5.765202000000000382e+00
8.759472000000000591e+00
1.086953999999999976e+00
2.110688000000000120e+00
2.006806399999999968e+01
4.457962000000000202e+00
6.850720000000000143e-01
2.958222000000000129e+00
4.734282000000000323e+00
7.601765600000000234e+01
3.183161999999999825e+00
1.014637800000000034e+01
3.223908000000000218e+00
1.484336000000000100e+00
3.245330000000000048e+00
1.687759999999999927e+00
5.507859999999999978e-01
3.184709399999999846e+01
3.914451300000000060e+02
4.938271599999999921e+02
5.894993100000000368e+02
5.043032000000000181e+00
7.119837999999999667e+00
5.696189999999999642e+00
1.025965799999999994e+01
3.164450199999999924e+01
7.358540000000000081e-01
7.912227999999999817e+00
1.318799999999999972e+00
1.111483999999999916e+00
3.582596000000000114e+00
2.520961999999999925e+00
1.874941400000000158e+01
3.078729999999999833e+01
5.984192000000000178e+00
2.437574000000000130e+00
2.270512000000000086e+00
1.525676000000000032e+00
1.207408000000000037e+00
7.698839999999999684e+00
2.304283999999999999e+00
2.120535999999999976e+00
3.959633999999999876e+00
1.731193999999999900e+00
4.902406000000000041e+00
8.769639999999999658e-01
4.024143999999999721e+00
3.603603600000000142e+02
3.732829999999999870e+00
2.564102560000000040e+02
8.168649999999999523e+00
3.123860000000000081e+00
7.368184000000000289e+00
8.584559999999999746e+00
8.298755180000000564e+02
1.077818599999999982e+01
1.476266999999999996e+01
4.174506000000000050e+00
6.447008660000000191e+02
7.603461879999999837e+02
4.760081059999999979e+02
5.584080000000000155e+00
2.253394000000000119e+00
9.865002000000000493e+00
3.451735999999999915e+00
3.876091999999999871e+00
1.881680000000000019e+00
1.232107599999999969e+01
2.936927999999999983e+00
7.801747999999999905e+00
1.996008000000000004e+00
6.141878000000000171e+00
1.141772399999999976e+01
1.955271999999999899e+00
nan
1.739999999999999858e+01
1.683624000000000009e+00
5.483760000000000190e+00
1.681648000000000032e+00
3.595725999999999978e+00
7.959747919999999795e+02
1.701203999999999894e+01
1.660000000000000142e+01
3.714490000000000069e+00
6.861822000000000088e+00
5.077446000000000126e+00
3.940655060000000276e+02
3.581767999999999841e+00
2.960129999999999928e+00
2.918179999999999996e+00
2.024735999999999869e+00
2.351102000000000025e+00
7.315972000000000364e+00
5.376344080000000076e+02
5.618079999999999741e-01
6.170879999999999699e-01
1.967860999999999905e+01
1.117423999999999973e+00
5.311104000000000269e+00
8.534319999999999684e-01
1.801801800000000071e+02
7.091904000000000430e+00
nan
6.934409999999999741e+00
1.926909999999999901e+00
4.588289600000000235e+01
4.993438000000000265e+00
2.996319999999999872e+00
3.808985999999999983e+00
3.377601999999999993e+00
4.416929999999999801e+00
1.987999999999999901e+01
6.475407999999999831e+00
1.130053999999999892e+00
4.129878640000000019e+02
4.539360000000000284e+00
4.715527999999999942e+00
7.148784000000000027e+00
1.719416000000000055e+00
4.720300000000000051e-01
4.618041999999999980e+00
2.198230000000000128e+00
3.142608000000000068e+00
3.147119999999999918e-01
5.346835999999999700e+00
5.650714120000000094e+02
2.534174000000000149e+00
1.036269430000000057e+03
1.849858000000000002e+00
6.931414000000000186e+00
3.414359999999999840e+00
9.238737999999999673e+00
1.963762000000000008e+00
3.193236000000000185e+00
4.766242000000000090e+00
8.752440000000000220e-01
3.229460000000000108e-01
1.185975547999999890e+03
5.792428199999999805e+01
4.498648000000000202e+00
5.429060399999999618e+02
2.279879999999999907e+00
9.679999999999999716e+00
1.480126000000000053e+00
8.080000000000000071e+00
1.067808000000000090e+00
2.265469799999999978e+01
3.541332000000000146e+00
2.642386000000000124e+00
3.513441999999999954e+00
3.133647999999999989e+00
7.788840000000000430e+00
5.559300000000000352e-01
6.785186000000000384e+00
9.474299999999999944e-01
1.787964000000000109e+00
1.446708000000000105e+00
4.255319139999999720e+02
3.058571999999999846e+00
1.536189999999999944e+00
3.904403999999999986e+00
1.526718000000000020e+00
1.644060000000000077e+00
4.244258000000000308e+00
5.148202000000000389e+00
5.838860000000000161e-01
7.267254000000000325e+00
1.358009999999999984e+01
1.292975999999999903e+00
8.760040000000000049e-01
4.220562000000000147e+00
1.008394200000000041e+01
1.619572000000000012e+00
4.603576000000000334e+00
6.115128000000000341e+00
9.086629999999999541e+00
2.429132000000000069e+00
7.827901999999999916e+00
1.083997800000000034e+01
3.846153799999999734e+01
3.039635999999999783e+00
1.093425000000000047e+01
3.239876000000000200e+00
3.015089999999999826e+00
3.216193180000000211e+02
1.749298000000000020e+00
1.086956521999999950e+03
1.083845799999999926e+01
3.012821999999999889e+00
5.305039779999999610e+02
6.140162000000000120e+00
2.066444000000000170e+00
4.187384800000000240e+01
5.046681999999999668e+00
8.670619999999999994e-01
4.784689000000000192e+02
4.675370000000000026e+00
4.182080000000000020e+00
3.498634000000000022e+00
1.013806600000000024e+01
9.072228539999999839e+02
2.036862000000000172e+00
4.228081999999999674e+00
4.030279999999999974e-01
5.477659999999999751e-01
1.939379999999999993e-01
7.067137800000000425e+02
1.888872000000000106e+00
4.303854000000000291e+00
3.228651999999999855e+00
5.021440000000000126e+00
4.469096000000000402e+00
7.811367860000000292e+02
4.730347719999999754e+02
6.030787200000000325e+01
3.205128199999999765e+02
1.596169199999999933e+02
3.294892919999999776e+02
2.746669999999999945e+00
2.355039999999999800e+00
8.205360000000000431e-01
2.355900000000000105e+00
6.783360000000000500e-01
5.833873999999999782e+00
6.872852239999999711e+02
7.569460000000000077e-01
7.654899999999999594e+00
7.033520000000000216e+00
4.749261999999999873e+00
4.362160000000000259e+00
7.149555999999999578e+00
1.944352000000000080e+00
1.563652000000000042e+00
2.984907999999999895e+00
1.914147999999999961e+00
3.952112000000000069e+00
7.235340000000000105e-01
2.369364000000000026e+00
8.052160000000000428e-01
4.819277199999999794e+01
4.867617599999999811e+02
4.173736660000000143e+02
2.912115239999999972e+02
4.367924740000000270e+02
4.753171320000000151e+02
4.184155999999999764e+00
2.523105999999999849e+00
3.683139999999999858e+00
7.468474079999999731e+02
3.774090000000000167e+00
1.017915600000000076e+01
7.125604000000000049e+00
3.754465999999999859e+00
1.352519999999999945e+00
nan
1.277778000000000080e+00
3.085863999999999940e+00
1.807663999999999938e+00
3.074867999999999935e+00
5.786988000000000021e+00
2.195148000000000099e+00
1.856696200000000019e+01
5.010119999999999685e+00
6.177200000000000273e+02
4.182827999999999768e+00
6.637899999999999912e-01
1.590441999999999911e+00
9.617558000000000717e+00
2.122374700000000018e+02
1.614203999999999972e+00
1.459271799999999963e+01
3.583077999999999985e+00
5.282312000000000118e+00
3.188342000000000009e+00
1.034448399999999957e+01
7.859354080000000522e+02
8.370229460000000472e+02
9.233610340000000178e+02
3.674461000000000013e+02
3.656307120000000168e+02
4.545454540000000065e+02
1.434614000000000056e+00
7.923995999999999817e+00
3.703002000000000127e+00
1.596062000000000092e+00
6.675008000000000052e+00
3.278894000000000197e+00
2.155701999999999785e+00
7.711147999999999669e+00
5.361442000000000263e+00
6.763618000000000130e+00
1.447620200000000068e+01
3.180142000000000024e+00
3.189799999999999858e-01
6.775200000000000111e-01
3.104121999999999826e+00
9.810299999999999576e-01
1.648285999999999918e+00
7.230578000000000394e+00
3.941822000000000159e+00
4.388264000000000387e+00
1.204033599999999993e+01
2.190650000000000208e+00
3.303999999999999915e+01
1.568523199999999918e+01
6.484593840000000000e+02
nan
6.414038800000000151e+01
2.373028000000000137e+00
3.395585740000000214e+02
1.449084000000000039e+00
5.515202000000000382e+00
5.010393999999999792e+00
1.531161999999999912e+00
7.545920000000000405e-01
2.630816199999999867e+02
3.238474000000000075e+00
8.207499999999999796e-01
6.936034000000000255e+00
9.386381999999999337e+00
4.062198000000000420e+00
2.850566000000000155e+00
3.783646000000000065e+00
3.995848600000000062e+01
7.175417999999999630e+00
3.202413599999999860e+01
3.779599999999999849e+00
6.344001999999999697e+00
3.436480999999999852e+01
7.002197999999999922e+00
1.822477999999999909e+01
6.839766000000000012e+00
5.063985999999999876e+00
4.319479999999999986e-01
5.095813999999999844e+00
2.516096000000000110e+00
6.766346000000000416e+00
7.506898840000000064e+02
1.823476000000000097e+00
1.195745999999999976e+00
1.808759600000000134e+01
2.137271999999999839e+00
5.862157599999999746e+01
2.933416799999999824e+01
3.131983920000000126e+02
5.865656000000000425e+00
5.998607999999999940e+00
2.596137999999999835e+00
1.401542000000000066e+00
5.453511999999999915e+00
1.954072000000000031e+00
5.661506000000000149e+00
2.825387999999999789e+00
3.986206000000000138e+00
2.008436000000000110e+00
3.410143999999999842e+00
3.506972000000000200e+00
1.726480400000000159e+01
2.618091999999999864e+00
nan
4.069020000000000081e+00
2.546332000000000040e+00
9.940587880000000496e+02
4.865536099999999919e+02
7.214237779999999702e+02
9.828059999999999574e-01
nan
1.023315999999999892e+00
1.865459999999999896e+00
6.528100000000000236e+00
2.076092000000000048e+00
4.791434999999999889e+01
4.228361999999999732e+00
2.139501439999999945e+02
3.241694799999999788e+01
4.277009999999999756e+00
6.984486800000000528e+01
2.109919999999999796e+00
4.351545999999999914e+00
1.700911999999999979e+00
2.732012000000000107e+00
7.245780000000000554e-01
4.202940000000000009e-01
9.112880320000000438e+02
1.259999999999999964e+01
4.316582000000000363e+00
5.172731999999999886e+00
1.290387600000000035e+01
3.452858200000000011e+02
1.114287999999999990e+01
4.420009399999999999e+01
2.504004899999999907e+02
1.135130400000000073e+01
3.725713999999999970e+00
7.593679999999999986e+00
1.143963999999999981e+00
1.334546000000000010e+00
5.118502000000000329e+00
1.938911799999999985e+01
4.310001999999999889e+00
2.554445999999999994e+00
5.285419999999999563e-01
1.141221999999999959e+00
3.734795999999999783e+00
2.993539999999999868e+00
2.375004000000000115e+00
7.478194399999999575e+01
6.035000000000000364e-01
4.842787999999999649e+00
1.195905999999999914e+00
2.002002000000000059e+00
2.378859999999999975e+00
6.974510000000000431e+00
2.229022000000000059e+00
5.623406000000000127e+00
2.703863999999999823e+00
2.249089800000000139e+01
5.899035999999999724e+00
2.118932000000000038e+00
9.980840000000000600e+00
6.633268000000000164e+00
9.801360000000000072e-01
1.554018800000000056e+01
9.438113399999999729e+02
2.054532000000000025e+00
1.319418399999999991e+01
1.911831999999999976e+00
1.021066000000000029e+00
4.397147999999999612e+00
5.572060179999999718e+02
6.750390000000000335e+00
1.344108800000000059e+01
6.977191999999999616e+00
5.552130400000000066e+01
3.105498400000000103e+01
3.072966000000000086e+00
2.255776000000000003e+00
3.601272500000000036e+02
2.516691759999999931e+02
8.051764560000000301e+02
6.693440419999999449e+02
6.285355120000000397e+02
7.547169820000000300e+02
2.515734000000000137e+00
4.006444000000000116e+00
4.885795800000000355e+01
9.305580000000000851e+00
3.855363999999999791e+00
9.283719999999999750e-01
1.594829999999999970e+00
1.439257999999999926e+00
1.958173800000000142e+01
5.058752000000000137e+00
1.329050000000000065e+00
nan
2.556938200000000094e+01
1.791833999999999927e+00
2.081074000000000090e+00
1.976882000000000028e+00
5.631327999999999889e+00
1.760581699999999898e+02
7.133974000000000260e+00
8.032128519999999980e+02
6.624976000000000198e+00
8.272639999999999993e-01
1.907089999999999952e+00
3.288271400000000000e+01
3.798265999999999920e+00
5.768180000000000529e-01
5.622927999999999926e+00
2.503127999999999798e+00
2.356744659999999953e+02
4.198152000000000328e+00
2.244002000000000052e+00
2.432354000000000127e+00
3.960395999999999805e+00
7.169527999999999679e+00
2.197029999999999816e+00
5.604606000000000421e+00
2.375125799999999998e+01
1.778038000000000007e+00
4.506283999999999956e+00
3.824260000000000215e+00
1.637429999999999941e+00
5.481930000000000192e+00
1.461046000000000067e+00
6.903958000000000261e+00
4.620365999999999751e+00
4.269840000000000302e+00
3.528992000000000129e+00
6.510889999999999844e+00
2.142933999999999894e+00
1.052078000000000069e+00
1.515427999999999997e+00
6.493687680000000455e+02
2.269017999999999979e+00
3.585253999999999941e+00
5.276426599999999922e+01
6.637666000000000288e+00
1.308794000000000013e+00
2.887212979999999902e+02
4.646148000000000167e+00
5.798140000000000516e-01
7.227362000000000286e+00
5.053942000000000156e+00
1.910659400000000119e+01
1.047946000000000044e+00
2.369724000000000164e+00
5.861443999999999654e+00
3.948134000000000032e+00
1.571288000000000018e+00
1.990132000000000012e+00
8.217090000000000671e+00
1.226358000000000059e+00
3.263088000000000211e+00
nan
6.760466000000000086e+00
3.337515999999999927e+00
1.121161999999999992e+00
1.656222000000000083e+00
2.820619999999999905e+00
2.672194000000000180e+00
3.104359999999999786e+00
9.723084639999999581e+02
5.303101999999999983e+00
4.131123999999999796e+00
9.262310720000000401e+02
1.120110200000000056e+01
5.593953980000000001e+02
7.675562419999999975e+02
3.443290000000000184e+00
2.564102560000000040e+02
1.268291999999999975e+00
4.660759560000000192e+02
3.090246000000000048e+00
8.257967999999999975e+00
1.373110400000000020e+01
3.318189999999999973e+00
1.170015199999999922e+01
1.584194000000000102e+00
6.935897999999999897e+00
2.711863999999999830e+00
4.017900000000000027e+00
2.667879999999999807e+00
1.407335999999999920e+00
9.662619999999999543e-01
2.820874479999999949e+02
2.967093999999999898e+00
4.410651999999999795e+00
1.005840800000000002e+01
3.182528479999999718e+02
8.237610620000000381e+02
1.849544000000000077e+00
nan
1.597067000000000014e+01
5.851300000000000390e-01
nan
2.050419999999999909e+00
3.755320000000000213e+00
1.118880012000000079e+03
3.860186000000000117e+00
2.010695999999999817e+00
6.075575999999999866e+00
4.900102000000000402e+00
3.363745999999999903e+00
1.781987999999999905e+00
7.483126000000000388e+00
1.709562000000000026e+00
7.780401999999999596e+00
2.089281999999999861e+00
5.558754139999999779e+02
1.038395200000000074e+01
1.028510799999999925e+01
1.602991999999999972e+00
2.323481999999999825e+00
7.814459999999999740e-01
6.932906000000000013e+00
2.439054000000000055e+00
2.314048000000000105e+00
2.798376000000000197e+00
3.976144000000000123e+00
7.065357999999999805e+00
2.569659999999999833e+00
1.409357999999999933e+01
2.383163999999999838e+00
4.031632000000000104e+00
1.347531620000000032e+02
2.262723999999999958e+00
1.439678000000000013e+00
3.791713999999999807e+00
6.108389999999999986e+00
5.858179999999999943e+00
2.906980000000000119e-01
1.973147999999999902e+00
3.039451999999999821e+00
4.741401999999999894e+00
5.835619999999999585e+00
6.708789999999999587e+00
1.283765999999999963e+00
8.012534000000000489e+00
1.563229999999999897e+00
1.963878000000000013e+00
nan
4.156976000000000226e+00
2.543016000000000165e+00
1.542173999999999934e+00
2.083333340000000078e+02
1.542197999999999958e+00
3.001030000000000086e+00
1.095921599999999962e+01
5.640947999999999851e+00
4.687727999999999895e+00
2.164892000000000039e+00
1.037951799999999913e+01
1.461686000000000041e+00
4.138125999999999749e+00
2.361533999999999800e+00
3.249282000000000004e+00
5.230444000000000315e+00
4.371567999999999898e+00
3.052407999999999788e+00
1.657273999999999914e+00
6.347578839999999900e+02
5.970149200000000178e+01
4.309357999999999578e+00
4.910478000000000343e+00
8.632082000000000477e+00
1.303773999999999988e+00
3.492885999999999935e+00
8.072439999999999616e-01
3.582575999999999983e+00
1.115573400000000071e+01
5.540816000000000408e+00
2.526765999999999845e+00
4.070135999999999754e+00
1.639890000000000070e+00
1.949640000000000040e+00
5.833519999999999817e-01
3.526838000000000140e+00
2.883637399999999928e+01
3.460957880000000273e+02
1.668431219999999939e+02
3.371903699999999731e+02
9.825456000000000856e+00
1.726221999999999923e+00
1.954744000000000037e+00
1.163232600000000083e+01
1.729564000000000101e+00
1.844983999999999957e+00
5.377439999999999998e+00
5.200980080000000498e+02
2.734248000000000012e+00
2.181173999999999946e+00
4.369851999999999848e+00
7.545113999999999876e+00
2.720749999999999780e+00
1.863987999999999978e+00
4.622120000000000117e-01
8.466165800000000274e+01
3.976023999999999781e+00
1.566850000000000076e+00
1.805746640000000127e+02
5.485591999999999580e+00
2.755837999999999788e+00
2.350945799999999863e+01
6.756756759999999531e+02
1.191460999999999970e+01
8.577650000000000219e+00
2.295571999999999946e+00
4.457089999999999996e+00
3.068421999999999983e+00
5.053530000000000300e+00
7.058124659999999722e+02
8.491560000000000219e-01
4.344619999999999926e+00
5.620245999999999853e+00
6.486060000000000159e+00
5.403343999999999703e+00
6.804383999999999766e+00
4.435889999999999667e+00
4.074507999999999797e+00
9.174311920000000100e+02
1.421001399999999926e+01
3.266210000000000058e+00
3.206782000000000021e+00
4.548721999999999710e+00
5.674333999999999989e+00
5.645985999999999727e+00
6.230529599999999846e+02
1.103883800000000015e+01
2.309546000000000099e+00
4.833799999999999764e-01
1.311476000000000086e+00
6.693000000000000060e-01
3.799647999999999914e+00
1.104972399999999944e+01
3.332998119999999744e+02
1.045795999999999948e+00
6.027523860000000013e+02
3.577361999999999931e+00
3.472393999999999981e+00
2.951227999999999962e+00
3.628175999999999846e+00
2.786923999999999957e+00
1.910565999999999987e+00
1.170169999999999932e+00
8.750106000000000606e+00
2.457991999999999955e+00
2.137764000000000220e+00
4.581832000000000349e+00
2.813612000000000002e+00
5.679471999999999632e+00
9.433962259999999560e+02
9.924260000000000304e-01
2.919977999999999962e+00
3.942006000000000121e+00
8.920560000000000045e+00
1.695796000000000081e+00
1.654678000000000093e+00
4.077417999999999765e+00
1.254118000000000066e+00
7.708380000000000232e-01
2.976350000000000051e+00
3.779851999999999990e+00
3.918082000000000065e+00
9.678269999999999484e+00
1.660241999999999996e+00
4.647202000000000055e+00
1.010113127999999961e+03
2.347417839999999956e+02
2.364066200000000038e+02
6.920415219999999863e+02
8.771929820000000291e+02
2.592801999999999829e+00
7.909207999999999572e+00
1.683879400000000004e+01
4.056046000000000262e+00
1.298308399999999985e+01
1.715646000000000004e+00
2.388443999999999789e+00
2.836879999999999846e+00
2.864259999999999806e+00
2.593595999999999790e+00
2.605116000000000209e+00
3.914435999999999805e+00
1.782620000000000093e+00
3.520776000000000128e+00
1.697764000000000095e+01
7.190241999999999578e+00
2.618027999999999800e+00
5.873668000000000333e+00
3.403913999999999884e+00
7.559782000000000224e+00
6.322479680000000144e+02
9.687901999999999347e+00
1.121377599999999930e+01
3.865256000000000025e+00
2.705998000000000125e+00
1.833166000000000073e+00
1.927244699999999966e+02
5.668818860000000086e+02
5.373337320000000545e+02
6.413773919999999862e+02
8.041874040000000150e+02
6.658896099999999478e+02
1.142163599999999946e+01
9.895212739999999485e+02
nan
4.327466739999999845e+02
1.819757999999999987e+00
8.424939999999999429e+00
1.483789999999999942e+00
2.787425999999999959e+00
5.037784000000000262e+00
1.150016199999999955e+01
4.394849999999999923e+00
7.970013999999999932e+00
1.587777600000000078e+01
5.158763999999999683e+00
4.867829999999999657e+00
4.151320000000000010e-01
3.418803419999999846e+02
2.379026000000000085e+00
8.635453999999999297e+00
3.773050000000000015e+00
1.120063999999999949e+00
9.419904000000000721e+00
1.884899999999999909e-01
1.250158000000000103e+00
2.779882000000000186e+00
3.176460000000000061e+00
1.212432199999999938e+01
3.426035999999999859e+00
1.969943999999999917e+00
5.840399999999999636e+02
7.632839999999999847e+00
2.594338000000000033e+00
2.296971999999999792e+00
3.590430000000000010e+00
6.718347999999999764e+00
3.259608000000000061e+00
1.143150000000000110e+00
6.474216000000000193e+00
6.464158000000000293e+00
5.251138000000000083e+00
1.573280800000000035e+01
1.278774600000000028e+01
2.415458000000000105e+00
2.054667999999999939e+00
2.369441999999999826e+00
3.865158000000000094e+00
3.149318000000000062e+00
2.245838000000000001e+00
1.139399999999999968e+00
6.547780000000000378e+00
1.173888000000000043e+00
2.183873999999999871e+00
2.594980000000000064e-01
5.283843020000000479e+02
1.016424390000000017e+03
4.843617419999999925e+02
6.556574000000000346e+00
1.961994000000000016e+00
4.008192000000000199e+00
3.264996000000000009e+00
4.770083999999999769e+00
2.103099999999999969e+00
6.536999999999999478e-01
3.667304000000000119e+00
1.231732000000000049e+00
2.525818000000000119e+00
2.129550000000000054e+00
1.569925999999999933e+00
1.815615999999999897e+00
3.683676000000000172e+00
1.675828000000000095e+00
1.335247999999999990e+00
2.739224000000000103e+00
2.576804000000000094e+00
4.228329800000000205e+02
2.721088439999999764e+02
1.273662000000000072e+00
3.280801999999999996e+00
5.952920000000000433e-01
6.055471399999999704e+01
1.714606000000000074e+00
5.414699999999999847e+00
4.797615999999999659e+00
8.199087260000000015e+02
3.120328000000000213e+00
4.216015999999999764e+00
5.661024000000000278e+00
3.672600000000000087e+00
2.447048000000000112e+00
1.472421999999999898e+00
1.338605999999999963e+00
3.568220000000000169e+00
7.047418000000000404e+00
2.647130000000000205e+00
3.458034000000000052e+00
3.815653419999999869e+02
5.565059240000000500e+02
2.627137460000000146e+02
5.851768080000000509e+02
6.184794239999999945e+02
8.715633400000000393e+02
4.340181099999999788e+02
6.864796000000000120e+00
8.147900000000000142e-01
6.193704000000000320e+00
2.486622000000000110e+00
5.123896000000000228e+00
1.098081799999999930e+01
8.788700000000000401e+00
9.280378000000000682e+00
8.315184000000000353e+00
9.418379999999999530e-01
1.574505999999999961e+00
2.486508000000000163e+00
1.650457999999999981e+00
3.104140000000000232e-01
1.144627999999999979e+00
1.432250000000000023e+00
6.552340000000000053e+00
8.668948000000000320e+00
6.529055999999999749e+00
8.421761999999999304e+00
8.063800800000000208e+02
6.689244000000000412e+00
7.830032000000000103e+00
2.340599999999999792e+00
6.270742000000000260e+00
2.322697999999999929e+00
8.986295999999999395e+00
2.473575999999999997e+00
3.411296000000000106e+00
3.241601999999999872e+00
4.652002000000000415e+00
1.354384000000000032e+00
5.526061999999999585e+00
1.251564399999999999e+01
3.442235999999999851e+00
2.245690000000000186e+00
3.469940000000000246e-01
7.505431999999999881e+00
4.868882000000000154e+00
2.889689999999999870e+00
4.439355019999999854e+02
3.403868000000000116e+00
1.631612000000000062e+00
1.817139999999999866e-01
1.541026000000000007e+00
4.448199999999999932e+00
1.679227999999999943e+00
3.062533999999999867e+00
4.318538619999999923e+02
4.465709999999999624e+00
3.407236000000000153e+00
nan
1.152141999999999999e+00
2.311510000000000176e+00
1.951995600000000053e+01
2.096087999999999951e+00
2.523152000000000061e+00
6.979312000000000182e+00
6.210739579999999478e+02
2.302013999999999783e+00
4.297705999999999804e+00
1.948970399999999970e+01
2.224117999999999817e+00
7.832089999999999996e+00
2.570202000000000098e+00
2.161514800000000136e+01
4.376236799999999789e+02
1.249910000000000077e+00
5.096172000000000146e+00
4.623999999999999666e+00
2.872412000000000187e+00
5.228840000000000154e-01
2.376990800000000092e+01
1.587031999999999998e+00
2.565326000000000217e+00
2.154922000000000004e+00
7.181484000000000201e+00
9.651779999999999804e-01
3.485866000000000131e+00
3.648969999999999825e+00
9.478672980000000052e+02
3.173023999999999845e+00
6.414106000000000307e+00
1.930376000000000092e+00
3.598259999999999792e+00
5.126899999999999791e-01
3.047390000000000043e+00
2.930752000000000024e+00
1.739888000000000101e+00
1.842433999999999905e+00
5.026925999999999561e+00
5.715454000000000256e+00
2.252963999999999967e+00
6.329673739999999498e+02
6.215168000000000248e+00
1.551134000000000013e+00
5.919659999999999922e-01
2.678454800000000091e+01
3.646846000000000032e+00
3.387115999999999794e+00
3.454140899999999874e+02
4.405357999999999663e+00
4.050430000000000419e+00
1.057672200000000018e+01
8.493463999999999459e+00
5.957700000000000218e-01
4.186594000000000371e+00
1.277463999999999933e+00
1.237881999999999927e+00
2.287637999999999838e+00
3.223475999999999786e+00
2.170795599999999936e+01
5.695984000000000158e+00
1.991957999999999895e+00
4.950008000000000408e+00
5.719786880000000338e+02
7.132060000000000066e+00
4.191483999999999988e+00
2.434273999999999827e+00
5.010227999999999682e+00
8.468125999999999820e+00
9.151051999999999964e+00
1.077741365999999971e+03
3.199825999999999837e+00
9.865586000000000411e+00
2.611661999999999928e+00
2.109177999999999997e+00
1.406479999999999952e+00
1.637051999999999952e+00
1.527755999999999892e+00
8.336130000000000706e+00
1.590093999999999896e+00
1.937100000000000044e+00
9.697500000000000009e-01
4.173777119999999741e+02
1.365121999999999947e+00
1.528350000000000097e+00
1.619824399999999898e+01
1.801585999999999910e+00
6.958178000000000196e+00
2.265573999999999977e+00
3.165557999999999872e+00
8.163265300000000479e+02
1.546669999999999989e+00
nan
7.384656400000000076e+01
7.041025399999999479e+01
5.181297999999999959e+00
3.249188000000000187e+00
2.308555999999999830e+00
3.016914399999999929e+01
2.462205739999999992e+02
1.300030000000000019e+00
1.434100800000000042e+01
6.115760000000000085e-01
2.003414599999999979e+01
8.530386879999999792e+02
2.655873999999999846e+00
3.295434000000000196e+00
3.671943999999999875e+00
2.410136000000000056e+00
4.134196000000000204e+00
1.017588199999999965e+01
6.008049999999999891e+00
1.578656600000000054e+01
9.157499999999999529e-01
3.184811999999999976e+00
6.183639999999999581e+00
3.764670239999999808e+02
6.622516000000000069e+00
2.294411999999999896e+00
3.031248000000000165e+00
2.603542000000000023e+00
5.524067999999999756e+00
1.605245999999999951e+00
5.924258000000000024e+00
3.560124000000000066e+00
1.977781999999999929e+00
2.382670000000000066e+00
3.265179999999999971e+00
6.634470000000000312e+00
3.694906000000000024e+00
1.710366000000000053e+00
2.554647999999999808e+00
4.769455999999999918e+00
5.698464000000000418e+00
3.916053999999999924e+00
2.001511999999999958e+00
7.569379999999999997e-01
1.255949999999999900e+00
3.103159999999999807e-01
5.759999999999999787e+00
3.977701999999999849e+00
4.790399300000000267e+02
2.601890000000000036e+00
4.440178000000000402e+00
2.450159999999999894e+00
5.030374000000000123e+00
3.418747399999999743e+02
1.436997999999999998e+00
1.010690000000000088e+00
5.720971999999999724e+00
3.186155999999999988e+00
4.510341999999999629e+00
3.639688000000000034e+00
2.602475999999999789e+00
2.738328000000000095e+00
8.540838000000000818e+00
1.645145999999999997e+00
1.099831999999999921e+00
6.194128000000000078e+00
1.748683799999999877e+01
8.357110000000000483e+00
3.777569999999999872e+00
2.279043999999999848e+00
5.851846000000000103e+00
1.297966599999999993e+01
2.490504000000000051e+00
1.181573999999999902e+00
1.890001999999999960e+00
3.295507999999999882e+00
3.506844000000000072e+00
3.883490000000000109e+00
5.478958360000000312e+02
9.789139999999999509e-01
5.337383340000000089e+02
5.122280000000000166e-01
4.834419999999999717e+00
7.797279999999999767e-01
5.767064000000000412e+00
2.239745999999999793e+00
1.469789999999999930e+00
8.946232000000000184e+00
1.056105999999999989e+00
2.285356000000000165e+00
2.412949999999999928e+00
3.904630000000000045e+00
1.515151600000000087e+01
1.396000000000000085e+01
1.967827999999999911e+00
4.849648000000000181e+00
4.497969999999999580e+00
1.357191999999999954e+00
4.934166000000000274e+00
1.609647999999999968e+00
8.282760000000000122e-01
1.035703799999999930e+01
3.508896000000000015e+00
6.532382000000000133e+00
4.908522399999999948e+02
1.138169999999999904e+00
1.187996000000000052e+00
1.876066000000000011e+00
1.159794400000000003e+01
5.623255999999999588e+00
4.266644739999999842e+02
1.913129999999999997e+00
1.032188620000000014e+02
7.541109400000000278e+02
1.887062000000000017e+00
1.723257999999999956e+00
3.692285059999999817e+02
4.102327999999999975e+00
5.313879999999999715e-01
2.036659999999999915e+00
1.067353199999999980e+01
5.443158000000000385e+00
2.863881999999999817e+00
6.555227999999999611e+00
5.771939999999999849e-01
1.890093999999999941e+00
1.352740000000000054e+00
1.856835999999999931e+00
2.115899999999999892e+00
1.002298399999999923e+01
1.266790000000000083e+00
3.997965999999999909e+00
7.194040000000000434e-01
3.834881200000000234e+01
2.024005199999999860e+01
1.215355076000000054e+03
5.074423999999999602e+00
6.929940000000000211e+00
1.193308360000000050e+02
3.211854200000000219e+02
1.481940280000000030e+02
1.229709540000000061e+02
5.271996659999999792e+02
4.516320000000000334e+00
1.729632740000000126e+02
3.455401140000000169e+02
3.906471260000000143e+02
3.931659880000000271e+02
1.432711123999999927e+03
5.466586859999999888e+02
6.052645919999999933e+02
4.496372559999999794e+02
4.028075680000000034e+02
9.421349999999999625e+01
6.759246819999999616e+02
1.058141329999999925e+03
3.361344540000000052e+02
4.164638340000000198e+02
2.370765059999999949e+02
4.242699380000000247e+02
9.100009099999999762e+02
3.610017080000000078e+02
9.228552999999999429e+01
4.060179979999999773e+02
2.089822660000000099e+02
2.489484200000000058e+01
6.734800400000000309e+02
8.909876600000000053e+02
5.602915759999999636e+02
2.307630179999999882e+02
1.192869028000000071e+03
1.156992281999999932e+03
7.112375540000000456e+02
3.977297580000000039e+02
3.269769019999999955e+02
2.822901059999999802e+02
6.080616820000000189e+02
9.650134379999999510e+02
4.756038980000000151e+02
6.668311519999999746e+02
9.764862120000000232e+02
8.121530579999999873e+02
6.817051099999999906e+02
5.225552000000000419e+00
2.065270539999999926e+02
8.651820000000000066e-01
7.367679999999999785e-01
2.287058000000000035e+00
1.497692000000000023e+00
3.279367999999999839e+00
4.486092000000000191e+00
6.502442000000000277e+00
1.501152000000000042e+00
4.586725999999999637e+00
1.047773999999999983e+00
3.546699999999999853e-01
2.805860000000000021e+00
2.223761999999999794e+00
5.755552600000000041e+01
1.537854000000000054e+00
2.196925999999999934e+00
2.923918000000000017e+00
1.792101200000000105e+01
3.292429240000000163e+02
7.527660799999999597e+01
3.891098440000000096e+02
5.065398000000000067e+00
8.968609860000000253e+02
5.108722220000000220e+02
3.648124000000000144e+00
2.694134000000000029e+00
4.889368000000000158e+00
1.046919199999999961e+01
3.555191999999999908e+00
3.123880000000000212e+00
4.932742000000000182e+00
3.176877999999999957e+01
2.102213599999999971e+01
3.785465999999999998e+00
2.329411199999999837e+01
1.073904399999999981e+02
2.999382000000000215e+00
4.534324839999999881e+02
9.568240000000000078e-01
1.514588000000000045e+00
5.529588000000000392e+00
5.092895999999999646e+00
8.363319999999999643e-01
1.048714599999999919e+01
2.725744000000000167e+00
6.206724000000000352e+00
1.700725999999999960e+00
1.991015999999999897e+00
8.563819999999999766e+00
6.345256000000000007e+00
4.641747999999999763e+00
7.634908000000000250e+00
2.084492000000000012e+00
1.564202380000000119e+02
2.688168000000000113e+00
4.938512000000000235e+00
7.027014599999999689e+01
2.982937999999999867e+00
2.336485999999999841e+00
2.760472000000000037e+00
1.115113000000000021e+01
4.431907999999999959e+00
9.303523400000000265e+01
1.079271999999999920e+01
8.543146000000000129e+00
1.130760259999999988e+02
2.254801280000000077e+02
2.887872000000000217e+00
4.648153999999999897e+00
9.490979999999999972e-01
1.662657999999999969e+00
2.608560000000000212e+00
2.111362000000000183e+00
7.960960000000000258e-01
2.504847999999999963e+00
2.734087999999999852e+00
7.851747999999999728e+00
7.033859999999999557e-01
4.338568000000000424e+00
2.466950000000000198e+00
3.578530000000000211e+00
1.371987999999999985e+00
2.090850000000000097e+00
3.481892000000000209e+00
1.853645999999999905e+00
1.136257999999999946e+01
5.356300000000000061e+00
2.553673999999999999e+00
1.111560000000000104e+00
1.940201999999999982e+00
3.457964000000000038e+00
2.170392000000000099e+00
2.787217699999999923e+02
6.905698599999999487e+01
5.349453499999999622e+02
4.732011959999999817e+02
2.631000639999999748e+02
8.034714800000000423e+01
3.876617600000000152e+01
3.544387780000000134e+02
6.153846160000000509e+02
5.517094180000000279e+02
7.841599999999999682e-01
1.803873999999999977e+00
4.565030000000000143e+00
5.329045999999999950e+00
4.809692000000000078e+00
1.600970799999999983e+01
1.848581999999999947e+00
2.683272779999999784e+02
1.443413999999999975e+00
3.608404000000000167e+00
3.010688000000000031e+00
1.190069999999999961e+00
3.885974000000000039e+00
1.581328479999999956e+02
3.514893999999999963e+00
8.126600000000000490e-01
1.315789473999999927e+03
3.727199999999999847e+00
6.982420000000000293e-01
4.508070000000000022e+00
1.496256600000000070e+01
1.880899600000000049e+01
5.980585999999999736e+00
2.816349040000000059e+02
4.548555840000000217e+02
3.424657540000000040e+02
3.616636520000000132e+02
3.157502000000000031e+00
8.657688199999999767e+01
3.505631999999999859e+00
2.140632980000000032e+02
1.571077999999999975e+00
1.339867165999999997e+03
9.144463999999999260e+00
9.394494499999999562e+02
4.398982000000000170e+00
1.693094000000000099e+00
4.928905999999999565e+00
5.589610000000000412e+00
3.023880000000000123e+00
4.669177999999999606e+00
4.129787999999999570e+00
3.826884000000000174e+00
2.992626000000000008e+00
2.273267999999999844e+00
4.150888000000000133e+00
1.325937500000000000e+02
2.503442000000000167e+00
4.307555999999999941e+00
1.221542799999999929e+01
6.537125260000000253e+02
4.777628619999999842e+02
7.235380000000000145e-01
2.416112000000000037e+00
4.704609999999999737e+00
2.282989999999999853e+00
3.350121999999999822e+00
3.672762000000000082e+00
8.297565999999999775e+00
2.646939999999999849e-01
2.177675999999999945e+00
8.137079999999999869e-01
5.480769999999999698e+00
2.684648000000000145e+00
6.371745999999999910e+00
2.233924000000000021e+00
9.677259999999999751e-01
1.778597999999999901e+00
2.416764600000000129e+01
3.609620000000000051e-01
4.599695999999999785e+00
2.847325999999999802e+00
1.362504200000000054e+01
2.324533999999999878e+00
6.500200000000000422e+00
9.207530000000000214e+00
1.722455999999999987e+00
1.204819277999999940e+03
1.301098400000000055e+01
6.093428399999999812e+01
7.661374000000000350e+00
2.162291999999999881e+00
4.331698000000000270e+00
7.622360000000000246e-01
5.110056000000000154e+00
1.919718200000000152e+01
3.587677999999999923e+00
3.092767600000000172e+01
7.517120400000000018e+02
4.809855999999999909e+00
1.395961999999999925e+00
2.519200000000000106e+00
1.971357999999999944e+00
1.659235999999999933e+00
3.715120000000000200e+00
4.640468000000000259e+00
1.050910000000000011e+00
1.634851999999999972e+00
6.332419999999999938e+00
8.439412000000000802e+00
3.404389999999999805e+00
4.160404599999999675e+01
4.470216800000000035e+01
5.944867999999999597e+00
4.689701999999999593e+00
6.088015999999999650e+00
4.514660840000000235e+02
2.148022000000000098e+00
1.971959999999999935e+00
1.451518000000000086e+00
2.662189999999999834e+00
2.088852000000000153e+00
5.030299999999999772e-01
7.883326000000000278e+00
9.569378000000000384e+02
1.007774999999999999e+01
1.600098000000000020e+00
4.685553999999999775e+00
9.189374000000000819e+00
3.364171999999999940e+00
2.556519999999999904e+00
3.373333999999999833e+00
6.263498720000000048e+02
9.177557999999999439e+00
4.565216000000000385e+00
8.904567999999999373e+00
1.335612399999999944e+01
9.771180000000000421e-01
3.197595999999999883e+00
5.167699999999999960e+00
5.201740000000000030e+00
2.387960000000000083e+00
3.671075999999999784e+00
6.861311999999999856e+00
7.108045999999999864e+00
2.128362000000000087e+00
3.628884000000000221e+00
2.099277999999999977e+00
1.466822000000000070e+00
2.347287999999999819e+00
6.633721999999999674e+00
6.798962000000000394e+00
1.440779999999999950e+00
1.886146000000000100e+00
1.319525999999999977e+00
1.118262000000000089e+00
4.691299999999999915e-01
8.828502000000000294e+00
8.502920000000000478e-01
5.082311999999999941e+00
3.164556000000000147e+00
3.344024000000000107e+00
5.929073999999999955e+00
2.170469999999999899e+00
6.001433999999999713e+00
6.453599999999999781e+00
5.920429599999999937e+01
4.829621999999999638e+00
2.216520000000000046e+00
1.207721999999999962e+00
1.044316000000000022e+00
1.463397999999999977e+00
1.584966000000000097e+00
1.326259999999999994e+00
1.467548000000000075e+00
4.007410000000000139e+00
2.395669999999999966e+00
1.343232800000000005e+01
2.051912000000000180e+00
1.119172000000000056e+00
9.656979999999999453e-01
9.312239999999999185e+00
2.370299999999999907e-01
2.406287999999999982e+00
1.067082000000000086e+00
3.381705999999999879e+00
4.381046000000000440e+00
2.632350000000000190e+00
2.656372000000000178e+00
7.147230000000000416e+00
1.083110000000000017e+00
3.240927999999999809e+00
1.230461999999999945e+00
1.221902000000000044e+00
3.676467779999999834e+02
5.282670000000000421e+00
4.926885999999999655e+00
6.622384419999999636e+02
4.551661359999999945e+02
4.123711339999999836e+02
3.283374919999999975e+02
3.898635479999999802e+02
7.040905999999999665e+00
8.438818559999999707e+02
8.001700000000000479e-01
8.939405999999999963e+00
4.918940600000000245e+02
4.589692000000000327e+00
5.517362000000000322e+00
1.432050000000000045e+00
5.564919999999999867e+00
4.851659999999999862e+00
1.056315200000000054e+01
1.721549999999999914e+00
1.328132000000000090e+00
6.548111460000000079e+02
3.054834280000000035e+02
4.808848280000000273e+02
2.505261000000000138e+01
3.690036900000000060e+02
8.159934719999999970e+02
3.384667460000000005e+02
4.320587600000000066e+02
5.086660620000000108e+02
4.951720720000000142e+02
4.483299700000000030e+02
4.878048779999999738e+02
8.955747999999999820e+00
2.567559999999999842e+00
4.392198819999999841e+02
2.600709999999999855e+00
1.038489999999999913e+00
7.163368000000000180e+00
8.396299999999999875e-01
1.573315999999999937e+00
9.555040000000000200e-01
1.814491800000000055e+01
1.970699799999999868e+01
2.595311999999999841e+00
5.234604000000000035e+00
4.259164059999999949e+02
7.393659999999999677e+00
8.928571419999999534e+02
3.902073999999999820e+00
8.138116000000000128e+00
4.006517999999999802e+00
7.423499999999999766e+00
5.509641880000000356e+02
1.305508799999999958e+01
8.119082000000000576e+00
2.775598799999999855e+01
1.308648000000000033e+00
2.324683999999999973e+00
2.696727999999999792e+00
3.887093999999999827e+00
1.004281199999999963e+01
6.281390000000000029e+00
2.412062000000000150e+00
6.511838000000000015e+00
4.876880200000000087e+01
7.000359999999999916e-01
5.785396000000000427e+00
1.311372599999999977e+01
8.154612000000000194e+00
4.937380000000000102e+00
3.214640000000000275e-01
2.676703999999999972e+00
2.592378000000000071e+00
1.876916000000000029e+00
3.267263999999999946e+00
2.973233000000000104e+01
6.998039999999999816e-01
9.234980000000000411e-01
3.937431999999999821e+00
3.745896000000000114e+00
2.687105999999999995e+00
3.089636000000000049e+00
7.355342419999999493e+02
6.054109999999999658e+00
3.165557999999999872e+00
1.003512199999999943e+01
6.850941999999999865e+00
2.912339999999999929e+00
1.314454000000000011e+00
4.136855999999999867e+00
2.344991600000000176e+01
2.643619999999999859e-01
3.231871399999999994e+01
3.156363999999999947e+00
1.069518716000000040e+03
1.058518000000000070e+00
3.839107999999999965e+00
6.069213999999999665e+00
6.893979999999999997e+00
4.099085999999999785e+00
6.302888000000000268e+00
3.898671999999999915e+00
2.536932000000000187e+00
4.072146000000000043e+00
8.057039999999999758e-01
3.903754000000000168e+00
1.705438000000000009e+00
3.277298000000000044e+00
5.581819999999999560e+00
1.364576000000000011e+00
3.909007960000000139e+02
2.375680000000000014e+00
1.838659999999999961e+00
9.001759999999999762e-01
6.539577999999999669e+00
2.362686000000000064e+00
2.327767999999999837e+00
8.501632000000000744e+00
3.216810000000000169e+00
1.376013799999999954e+01
5.269589999999999996e+00
6.612671999999999883e+00
1.205417399999999972e+01
nan
2.982911999999999786e+00
5.142710200000000214e+02
5.645946000000000353e+00
4.374022000000000077e+00
3.554224000000000050e+00
4.030687999999999604e+00
1.118841399999999986e+01
5.962431759999999485e+02
6.187594299999999521e+02
2.890174000000000021e+00
1.154308999999999941e+01
4.783088000000000228e+00
3.241298000000000012e+00
4.223753999999999564e+00
9.947096000000000160e+00
2.076968199999999953e+01
1.049423999999999912e+00
1.819512000000000018e+00
1.018572000000000033e+00
1.066087999999999925e+00
3.234373999999999860e+00
3.929273079999999823e+02
3.694808799999999849e+01
9.077819999999999778e-01
1.091138399999999997e+01
4.500189999999999912e+00
5.251196000000000197e+00
1.372610599999999970e+01
8.499375999999999820e+00
2.157083999999999779e+00
2.836949999999999861e+01
1.641559999999999908e+00
3.641922000000000104e+00
1.051541999999999977e+00
4.096330000000000027e+00
7.760280000000000511e-01
2.143012000000000139e+00
1.578794000000000031e+00
8.375833999999999335e+00
7.474720000000000253e-01
3.839215999999999962e+00
1.338144800000000068e+01
3.416939999999999866e+00
4.124445999999999835e+00
4.448911999999999978e+00
4.773556000000000132e+00
1.046337999999999990e+00
3.745318359999999984e+02
2.507906000000000191e+00
4.735786000000000051e+00
2.327290000000000081e+00
1.056327999999999934e+00
5.621471400000000074e+01
4.567575999999999858e+00
2.092766000000000126e+00
1.824084000000000039e+00
3.766920000000000268e-01
2.125485999999999986e+00
2.650866000000000167e+00
3.031420000000000226e-01
1.210021999999999931e+00
6.717546400000000517e+01
3.015130000000000088e+00
1.206522000000000094e+00
9.800649999999999196e+00
nan
1.074408999999999992e+01
1.696499999999999952e-01
2.190782000000000007e+00
4.486830000000000318e+00
5.244947999999999944e+00
1.498623999999999956e+00
5.656068000000000318e+00
1.897121999999999975e+00
6.476140000000000230e-01
4.939251999999999754e+00
8.571690000000000254e+00
1.086989999999999901e+00
3.797356000000000176e+00
3.543111999999999817e+00
6.389441999999999844e+00
1.593029999999999946e+00
5.803055999999999770e+00
4.240850000000000009e+00
2.453177999999999859e+00
5.347593999999999959e+00
2.271863999999999884e+00
2.555588000000000193e+00
1.578534000000000104e+00
2.985644000000000187e+00
9.864239999999999675e-01
1.511556200000000061e+01
2.557761999999999869e+00
2.649135999999999935e+00
2.977901999999999827e+00
1.043762000000000079e+01
4.207049999999999734e+00
3.728466000000000058e+00
1.083619490000000042e+03
3.655417760000000271e+02
3.427296000000000120e+00
5.871060000000000167e-01
6.169278000000000262e+00
4.343078000000000216e+00
5.602240900000000465e+02
3.119648000000000199e+00
4.778351460000000088e+02
3.939162000000000052e+00
7.326999999999999957e+00
2.868919999999999804e-01
1.668571999999999944e+00
3.809168000000000109e+00
1.772191000000000116e+01
2.018110000000000070e+00
7.422711999999999755e+00
5.967253999999999614e+00
7.821538000000000324e+00
5.326751999999999931e+00
2.184121999999999897e+00
2.366863999999999990e+01
9.632253999999999650e+00
4.108877999999999808e+00
1.830918000000000045e+00
1.406811999999999951e+00
5.873237999999999737e+00
1.910317200000000071e+01
3.152811999999999948e+00
9.698382000000000502e+00
7.636739999999999640e-01
4.604339999999999655e+00
4.467559999999999865e-01
6.124238000000000071e+00
5.712498000000000076e+00
2.321855999999999920e+00
8.867155999999999594e+00
8.798939999999999539e-01
4.099340000000000206e-01
5.775220719999999801e+02
3.062787139999999795e+02
2.981940000000000146e-01
7.025160000000000293e-01
3.345552000000000081e+00
7.714661999999999686e+00
2.087702000000000169e+00
5.867992000000000097e+00
2.570152000000000214e+00
1.202631999999999923e+00
3.720073999999999881e+00
7.284469999999999779e+00
3.032912000000000052e+00
3.745178000000000118e+00
6.078759999999999719e-01
1.044699199999999983e+01
1.221649999999999903e+00
8.888711999999999946e+00
9.014680000000000470e-01
3.952907999999999866e+00
6.085227999999999859e+00
1.524135999999999935e+00
2.649954000000000143e+00
4.826448000000000071e+00
6.716604000000000241e+00
8.953480000000000327e-01
4.642319999999999780e-01
5.191759400000000113e+01
3.805175999999999892e+00
1.516818000000000000e+00
4.067438000000000109e+00
1.104972375999999940e+03
2.194497999999999838e+00
5.044264000000000081e+00
2.974063999999999819e+00
1.091547999999999963e+00
3.688978000000000090e+00
1.356373999999999969e+00
2.992185999999999790e+00
1.199961999999999973e+00
2.627450000000000063e+00
4.749174000000000007e+00
2.097789999999999822e+00
1.378055999999999948e+00
7.255802000000000085e+00
3.851609999999999978e+00
2.238739999999999952e+00
9.126180000000000403e-01
1.193744799999999984e+01
1.270172000000000079e+00
1.848695999999999895e+00
1.200235799999999919e+01
2.724110000000000031e+00
5.618350339999999505e+02
4.464421199999999885e+02
6.879561999999999955e+00
5.787340000000000373e+00
1.445124000000000075e+00
8.754013600000000395e+01
3.855633999999999784e+00
1.419380000000000086e+00
6.870491999999999599e+00
2.098235999999999990e+00
2.205128000000000199e+00
5.813644000000000034e+00
4.453039999999999776e-01
4.595653999999999684e+00
7.025000000000000355e+00
1.041501999999999928e+00
1.659334000000000087e+00
1.041306000000000065e+00
8.159933999999999799e+00
4.274472000000000271e+00
2.088226000000000138e+00
6.274312000000000111e+00
5.626669999999999838e+00
9.173499999999999988e-01
1.730299999999999894e-01
1.460887999999999964e+00
2.490940000000000154e+00
1.906348600000000104e+01
8.298755180000000564e+02
1.219289200000000051e+01
1.698096000000000050e+00
4.429946000000000161e+00
4.662233999999999767e+00
1.076831999999999923e+01
1.508126000000000078e+00
3.584229399999999828e+02
3.815652000000000044e+00
5.302040000000000086e-01
4.640371220000000108e+02
5.946413999999999866e+00
1.166044800000000059e+01
1.971665199999999984e+01
7.092198580000000447e+02
5.988909400000000005e+01
5.026521999999999935e+00
2.153941999999999801e+00
3.467045999999999850e+00
1.065668000000000060e+00
7.257483999999999824e+00
4.679566000000000336e+00
3.415576000000000167e+00
4.565272000000000219e+00
1.514435999999999893e+00
1.514396000000000075e+00
2.209610000000000074e+00
1.582274400000000014e+01
1.908155999999999963e+00
9.304779439999999795e+02
5.109000000000000208e-01
4.887827560000000062e+02
7.380073800000000119e+02
5.532962000000000380e+00
2.606612000000000151e+00
9.785460000000000269e-01
4.388059999999999738e-01
1.463648000000000060e+00
3.181973999999999858e+00
3.676330000000000098e+00
4.435573999999999906e+00
3.489202000000000137e+00
1.744296000000000069e+00
5.791859999999999786e-01
1.538202000000000069e+00
4.503084000000000309e+00
8.103177999999999770e+00
7.899829999999999686e+00
2.034526000000000057e+00
1.224315999999999960e+00
2.365889999999999826e+00
2.554866000000000081e+00
1.135499999999999954e+00
1.191820000000000102e+00
9.008000000000000451e-01
1.980001999999999995e+01
1.406994000000000078e+00
1.435251999999999972e+00
3.781918000000000113e+00
7.731422000000000239e+00
5.790367999999999959e+00
5.564688360000000102e+02
2.154081999999999830e+00
3.224677999999999933e+00
7.478323999999999749e+00
2.022220000000000129e-01
3.658981999999999957e+00
2.471983399999999875e+01
4.759047999999999945e+00
5.398352000000000039e+00
6.116769999999999818e+00
9.213620000000000143e-01
2.834780000000000078e-01
5.603355999999999781e+00
1.431024000000000029e+01
3.169658000000000087e+00
4.809738000000000291e+00
5.989995999999999654e+00
2.283236000000000043e+00
2.588400000000000034e+00
5.715081999999999773e+00
3.976745999999999892e+00
3.729881560000000036e+02
5.424139999999999517e-01
4.992511999999999617e+00
4.242079999999999740e-01
2.681583999999999968e+00
1.011919400000000024e+01
4.261460000000000248e-01
7.662835240000000567e+02
5.365526000000000018e+00
2.305623999999999896e+00
7.786833999999999811e+00
4.129246000000000194e+00
3.629377999999999993e+00
8.389216340000000400e+02
8.474576279999999997e+02
3.573749999999999982e+00
2.333722280000000069e+02
2.088335999999999970e+00
3.564426999999999879e+01
1.242236024000000043e+03
1.323182000000000080e+00
5.947248000000000090e+00
4.363571999999999562e+00
1.915135999999999949e+00
3.932663999999999938e+00
3.913894319999999993e+02
nan
2.141392000000000184e+00
1.435000000000000053e+00
5.192187999999999803e+00
1.091506000000000087e+00
6.232471199999999811e+01
5.343855999999999717e+00
4.073951159999999732e+02
2.763194199999999867e+01
6.403804000000000052e+00
5.129926000000000208e+00
2.060919999999999863e+00
1.404603999999999964e+00
3.266858000000000040e+00
3.321006000000000125e+00
1.563485999999999931e+00
2.571811999999999987e+00
9.310553999999999775e+00
6.273185999999999929e+00
7.168458779999999706e+02
6.939163999999999888e+00
2.259274000000000004e+00
1.538823999999999970e+00
2.565162740000000099e+02
5.622317999999999927e+00
2.494720000000000049e+00
2.439560000000000173e+00
3.141766000000000059e+00
3.051337999999999884e+00
3.605185999999999780e+00
7.510099999999999554e-01
2.896132000000000151e+00
2.280387999999999860e+00
3.253319999999999990e+00
4.347480000000000233e-01
2.403840000000000199e+00
2.640961400000000125e+01
1.927319999999999922e+00
3.105595999999999801e+00
1.122379999999999933e+00
1.092384000000000022e+00
1.022046000000000010e+00
4.814703999999999873e+00
1.634284000000000070e+00
1.311757999999999980e+00
2.678891999999999829e+00
2.969538000000000011e+00
4.099934000000000189e+00
1.051358800000000038e+01
2.541898000000000213e+00
4.888300000000000090e+00
1.147842090000000098e+03
2.742329999999999934e+00
6.634406000000000247e+00
9.302704760000000306e+02
1.737017999999999951e+00
1.423500000000000043e-01
5.592060000000000031e+00
5.345919999999999561e+00
4.630816000000000265e+00
2.527702000000000115e+00
4.329004320000000234e+02
1.305994600000000005e+01
2.253966000000000136e+00
1.623415999999999970e+00
1.202541199999999932e+01
5.599812000000000012e+00
3.071321999999999885e+00
5.558801240000000234e+02
1.433438199999999973e+01
4.565278000000000169e+00
5.271659999999999791e+00
3.968253960000000120e+02
2.661201999999999845e+00
2.813141399999999948e+01
8.641175999999999746e+00
3.282795820000000049e+02
1.190099999999999936e+00
3.312574000000000130e+00
4.073319759999999974e+02
1.012693999999999983e+00
9.571286000000000627e+00
7.594608000000000025e+00
1.326497999999999955e+00
4.504504499999999894e+02
3.231017780000000243e+02
1.077255999999999991e+00
7.633587780000000294e+02
2.663796000000000053e+00
1.297511999999999999e+00
4.796164000000000094e+00
3.109534000000000020e+00
6.263817940000000135e+02
5.284846919999999955e+02
nan
2.553300000000000125e+00
4.532992000000000132e+00
2.020802000000000209e+00
7.962900000000000533e-01
3.086228000000000193e+00
1.676784000000000052e+00
9.163679999999999382e+00
1.173226999999999975e+01
1.223608000000000029e+00
1.158204000000000011e+00
7.169608940000000530e+02
1.916879999999999917e+00
9.600253440000000182e+02
5.030312000000000339e+00
7.482929999999999637e+00
5.625562000000000396e+00
1.554527999999999910e+00
1.793333799999999911e+01
1.301668000000000047e+00
1.388183599999999984e+01
3.497114799999999946e+01
4.614247999999999905e+00
2.579498000000000069e+00
1.962530000000000108e+00
5.683764000000000038e+00
3.232267999999999919e+00
8.328015999999999863e+00
1.756847999999999965e+00
1.875596399999999875e+01
6.179552000000000156e+00
9.160026000000000224e+00
5.812263999999999875e+00
5.499395999999999951e+00
3.480087999999999848e+00
1.193121000000000009e+01
1.309722000000000053e+00
8.845366000000000284e+00
3.847380000000000244e-01
1.408292000000000099e+00
2.418093999999999966e+00
3.163380000000000081e+00
1.618440000000000101e+00
4.716981999999999786e+00
2.361851999999999840e+00
6.872361999999999860e+00
1.185694200000000009e+01
9.418293999999999500e+00
1.101079000000000008e+01
3.905406000000000155e+00
1.078764600000000051e+01
5.942572000000000187e+00
2.408856000000000108e+00
2.209944759999999917e+02
1.870907400000000109e+02
6.299540000000000139e-01
7.799117599999999584e+02
5.296917999999999793e+00
1.966668000000000083e+00
2.020545999999999953e+00
2.645528000000000102e+00
2.696282000000000068e+00
1.605277999999999983e+00
8.433080000000000354e+00
1.337900000000000089e+00
8.970649999999999125e+00
9.897160000000000402e-01
7.051140000000000185e+00
2.941176479999999742e+02
4.454883999999999844e+00
1.626926000000000094e+00
2.007814000000000210e+00
3.686967999999999801e+00
6.786313740000000507e+02
1.469935999999999909e+00
5.919702000000000019e+00
3.963487999999999900e+00
8.582720000000000349e-01
3.008970000000000145e+00
6.492496000000000045e+00
4.416304000000000229e+00
3.586742000000000097e+00
3.713007999999999864e+00
7.373480000000000034e-01
6.145991999999999678e+00
4.864300000000000068e+00
3.762983999999999885e+00
5.167958660000000464e+02
1.513408000000000087e+00
1.387211999999999890e+00
4.013176100000000019e+02
5.849663999999999753e+00
6.123348919999999680e+02
2.392974659999999858e+02
3.789797419999999875e+02
2.213543840000000102e+02
4.374677159999999958e+02
2.356963560000000086e+02
2.881839999999999957e-01
5.527115099999999757e+02
3.714485540000000015e+02
2.509694000000000091e+00
7.307089999999999641e+00
6.175553999999999988e+00
5.472406000000000326e+00
1.047818000000000005e+01
5.516106760000000122e+02
7.342144000000000403e+01
1.979294000000000109e+00
6.666844000000000214e+00
4.323424620000000118e+02
4.343994000000000355e+00
2.228486000000000189e+00
4.885799999999999699e+00
2.981914000000000176e+00
6.309148259999999482e+02
8.956680000000000197e-01
3.215555999999999859e+00
2.421495999999999871e+00
1.237524000000000068e+00
3.021160000000000068e+00
3.978625840000000267e+02
1.590859999999999941e+00
1.487995599999999996e+01
1.225146400000000035e+01
1.610352000000000006e+00
2.389063999999999854e+00
5.569694400000000201e+01
4.606066000000000216e+00
1.052260000000000062e+01
4.438329999999999664e+00
7.330033000000000243e+01
2.164801999999999893e+00
6.534481999999999680e+00
2.165928000000000075e+00
3.835291999999999923e+00
2.349957999999999991e+00
4.371330000000000382e+00
2.275599999999999845e+00
2.882627999999999968e+00
1.080390660000000054e+02
4.390786000000000300e+00
4.545041999999999582e+00
8.048319999999999919e-01
1.440195800000000048e+01
3.327799999999999869e+00
8.781360000000000277e-01
1.724852000000000052e+00
6.303060000000000329e+00
3.104913999999999952e+00
1.296424000000000021e+00
9.716700000000000337e-01
7.379820000000000269e-01
5.834699999999999775e+00
4.943743999999999694e+00
9.186959999999999571e-01
1.151760600000000068e+01
1.999181199999999947e+01
6.722821999999999854e+00
3.388107600000000019e+01
1.237446000000000046e+00
1.782531199999999956e+02
3.691726000000000063e+00
2.304386000000000045e+00
4.545504000000000211e+00
9.162780000000000369e-01
7.400433999999999735e+00
1.235835999999999935e+00
3.179803999999999853e+00
5.724426000000000236e+00
8.795557999999999765e+00
7.096099999999999852e+00
1.601771999999999974e+00
1.758320000000000105e+00
2.458603999999999790e+00
9.391140000000000043e-01
2.279721800000000087e+01
3.919185999999999837e+00
3.552397859999999810e+02
1.027585599999999921e+01
4.479683999999999777e+00
5.975050000000000416e+00
4.695967999999999698e+00
2.615790319999999838e+02
2.504091999999999985e+00
2.334405999999999981e+00
8.584059999999999135e+00
1.693446000000000007e+00
1.819008600000000087e+01
4.672897199999999884e+02
5.392535999999999774e+00
5.319148940000000039e+02
1.572006000000000014e+00
1.246896000000000004e+00
3.500176000000000176e+00
1.458299999999999930e+00
3.553723999999999883e+00
9.609180000000000499e-01
4.319654419999999959e+02
3.069782000000000011e+00
1.927110000000000101e+00
9.026079999999999659e-01
3.922445999999999877e+00
1.247848000000000068e+00
2.546078000000000063e+00
8.011627059999999574e+02
8.978319999999999634e-01
2.518085999999999824e+00
9.494493999999999545e+00
3.556805999999999912e+00
3.489428000000000196e+00
4.345040000000000013e-01
3.235289999999999999e+00
3.268508000000000191e+00
1.392993599999999965e+01
2.135730000000000128e+00
7.557603719999999612e+02
2.435950000000000060e+00
2.629221999999999948e+00
1.495548000000000100e+00
3.558247999999999855e+00
8.468443999999999861e+00
1.705373999999999945e+00
1.855418000000000012e+00
3.776272000000000073e+00
1.740235999999999894e+00
5.387786000000000186e+00
1.907013999999999987e+00
3.654910000000000103e+00
5.264543400000000162e+01
5.279614279999999553e+02
3.360256000000000132e+00
3.496503500000000031e+02
8.335069999999999979e+00
4.010989999999999611e+00
5.332163999999999682e+00
6.813879999999999937e-01
1.265479000000000021e+01
2.637016000000000027e+00
1.565015999999999963e+00
2.901746000000000159e+00
5.143239999999999590e+00
1.025641026000000011e+03
2.920560000000000045e+00
8.410778000000000532e+00
1.208385999999999960e+00
5.146939999999999849e-01
4.866180039999999849e+02
4.023335399999999851e+01
2.643440000000000012e+01
1.043649999999999967e+00
1.862057999999999991e+00
1.243149999999999977e+00
6.288082000000000171e+00
4.111600000000000255e-01
1.509522000000000030e+00
6.567928000000000210e+00
6.487064000000000163e+00
2.948155999999999999e+00
3.449329999999999785e+00
7.175402000000000058e+00
1.485870000000000024e+00
6.687357999999999691e+00
6.889300000000000423e+00
9.858043999999999585e+00
4.142792000000000030e+00
6.704355999999999760e+00
1.397559999999999913e+00
8.454099999999999948e-01
6.618995899999999892e+02
1.978750000000000009e+00
4.962780000000000413e+00
6.900398000000000032e+00
2.909920199999999824e+01
6.792093999999999632e+00
1.897533200000000022e+02
8.846000000000000529e-01
2.522672000000000025e+00
3.448275859999999966e+02
2.052649999999999864e+00
2.446991999999999834e+00
1.881467999999999918e+00
1.713942000000000077e+00
2.306999999999999940e+00
3.775857999999999937e+00
4.484304999999999808e+01
5.005760000000000209e-01
1.638711999999999946e+00
5.895952000000000304e+00
3.547797999999999785e+00
7.756990000000000052e+00
2.763964000000000087e+00
2.456351999999999869e+00
1.373621999999999899e+00
2.481390000000000207e+00
2.631467999999999918e+00
6.181616000000000000e+00
6.230529599999999846e+02
4.697919999999999874e+00
1.242461999999999955e+00
1.461400199999999927e+01
1.078049999999999997e+01
3.467762940000000071e+02
3.368923999999999808e+00
1.124084000000000083e+00
6.362225999999999715e+00
8.542210000000000747e+00
3.991035999999999806e+00
3.435681999999999903e+00
nan
8.829292000000000584e+00
1.072770000000000001e+00
4.781110199999999821e+01
9.605460000000000775e+00
7.456637999999999877e+00
1.384372800000000048e+01
3.500049999999999883e+00
4.571906000000000247e+00
2.154420000000000002e+00
9.299196799999999996e+01
5.380250000000000199e+00
4.907975400000000121e+01
2.457937999999999956e+00
9.743859999999999744e-01
5.644246279999999842e+02
8.658592000000000510e+00
1.120878199999999936e+01
3.518387999999999849e+00
1.031055999999999973e+00
5.575091999999999715e+00
4.761789360000000215e+02
3.056195999999999913e+00
2.370938000000000212e+00
2.496313800000000072e+01
6.163359999999999950e-01
2.067527999999999810e+00
3.427878199999999964e+01
2.057613159999999937e+02
6.075334200000000351e+01
1.438099999999999934e+00
3.110613999999999990e+00
6.332747200000000021e+01
8.329862000000000322e+00
6.961920000000000330e-01
5.053481439999999907e+02
9.951228000000000407e+00
1.206687999999999983e+00
1.783228000000000035e+00
6.890600000000000058e-01
2.910861999999999838e+00
7.592624919999999520e+02
1.203980999999999923e+01
2.264154000000000000e+00
8.985209799999999802e+01
8.658000000000000140e-01
1.283856444000000010e+03
9.322540000000000271e-01
3.099321999999999910e+00
4.282998000000000083e+00
1.623059999999999947e+00
2.044011999999999940e+00
7.724631999999999721e+00
3.657481999999999900e+00
2.036659799999999976e+01
1.078006000000000020e+00
4.154955580000000168e+02
9.203125999999999252e+00
nan
2.208984000000000059e+00
3.577280000000000015e+00
8.672459999999999614e-01
4.964529999999999887e+00
2.378385999999999889e+00
1.423448000000000047e+00
2.872482000000000202e+00
7.269218000000000401e+00
1.477878000000000025e+00
9.825188000000000699e+00
4.482029999999999959e+00
2.056706000000000145e+00
3.933775919999999928e+02
3.857130419999999731e+02
4.888361999999999874e+00
2.377676000000000123e+00
1.001551999999999998e+00
5.527926559999999654e+02
1.912717999999999918e+00
1.862370000000000081e+00
4.204519999999999924e-01
1.871420000000000083e+00
2.192982399999999998e+01
4.066151999999999767e+00
8.762560000000000349e-01
4.539074000000000275e+00
1.179233100000000007e+02
1.498744000000000076e+00
4.229220000000000201e-01
3.882235999999999798e+00
4.597063999999999595e+00
2.084531999999999829e+00
6.308871279999999615e+02
7.380073800000000119e+02
1.350672000000000095e+00
1.800270000000000037e+00
7.682763340000000198e+02
1.269772399999999912e+01
2.447980420000000095e+02
1.112303999999999959e+00
1.105338799999999999e+01
5.071579999999999977e+00
3.785353999999999886e+00
1.017155200000000015e+01
6.024096000000000117e+00
2.144327999999999790e+00
2.788190000000000168e+00
1.515872000000000108e+00
4.874005999999999617e+00
2.088518000000000097e+00
1.522280499999999961e+02
5.147485999999999784e+00
4.386599999999999611e+00
6.254692000000000363e+00
4.646003039999999942e+02
9.810459999999999736e-01
7.171239999999999837e-01
3.926120000000000165e-01
1.099338400000000071e+01
7.272047999999999845e+00
1.855893999999999933e+00
9.646754799999999364e+01
4.830917880000000082e+02
1.109877919999999989e+02
1.200722000000000067e+00
5.059295800000000298e+01
2.347719999999999807e+00
4.504504499999999894e+02
4.091653019999999970e+02
2.503128999999999849e+01
6.913238800000000595e+01
1.986689200000000000e+01
1.499290000000000012e+00
1.978234000000000048e+00
1.573315999999999937e+00
9.526339999999999808e-01
1.034101800000000004e+01
2.147743999999999875e+00
2.157286600000000121e+01
4.687388000000000332e+00
5.666789999999999772e+00
1.441918000000000033e+00
4.132232000000000127e+00
4.104445099999999798e+02
3.260958259999999882e+02
7.155380000000000074e+00
1.862409999999999899e+00
3.854026000000000174e+00
2.334973899999999958e+02
3.990040000000000253e-01
6.580875999999999948e+00
7.691881999999999664e+00
2.785903400000000119e+01
2.072331999999999841e+00
5.048394739999999956e+02
6.500200000000000422e+00
5.336090000000000444e+00
6.887307999999999986e+00
1.820529999999999982e+00
6.414367999999999626e+00
1.244244061999999985e+03
4.925124000000000279e+00
6.506640000000000201e-01
1.487293999999999894e+00
2.780997999999999859e+00
7.233337999999999823e+00
4.741652000000000200e+00
2.870426000000000144e+00
2.209782000000000135e+00
1.980439999999999978e+00
3.003550000000000164e+00
9.473000000000000309e-01
8.300385999999999598e+00
8.773239999999999927e-01
3.071959999999999802e+00
3.251853999999999800e+00
6.494710000000000427e+00
9.244037439999999606e+02
3.443103999999999942e+00
1.148171999999999970e+00
1.221782600000000052e+01
4.002442000000000277e+00
6.140159999999999840e+00
4.359817999999999749e+00
4.315919999999999757e-01
8.164135600000000181e+01
3.288364000000000065e+00
3.394460000000000033e+00
1.316429999999999989e+00
8.844913999999999277e+00
2.613012799999999913e+01
1.390463999999999922e+00
3.829018239999999764e+02
3.537510000000000154e+00
4.152587219999999775e+02
1.289045999999999914e+00
1.386532000000000098e+00
7.981920000000000126e-01
2.146538000000000057e+00
3.676457999999999782e+00
3.447162000000000059e+00
7.245650000000000368e+00
5.426671999999999940e+00
8.688337999999999894e+00
8.683199999999999807e-01
3.079747599999999963e+01
4.926108399999999676e+01
6.905562720000000354e+02
8.641969520000000102e+02
3.723402000000000100e+00
8.928572000000000841e+00
1.091429999999999900e+00
1.199406199999999956e+01
4.956896000000000413e+00
3.584528000000000159e+00
9.125760000000000538e-01
5.159106000000000414e+00
5.083206920000000082e+02
9.132419999999999760e+00
1.927879000000000076e+01
5.397528000000000326e+00
7.538134000000000334e+00
2.489110000000000156e+00
7.547169820000000300e+02
5.824075999999999809e+00
4.117023999999999972e+01
1.982358000000000064e+00
3.779312000000000005e+00
1.765225059999999928e+02
5.367411999999999850e+00
1.584786000000000028e+00
5.022941999999999574e+00
1.818758000000000097e+00
3.881848000000000187e+00
1.131814400000000020e+01
1.643650000000000055e+00
3.172022000000000119e+00
9.993574000000000623e+00
1.495662599999999998e+01
1.163859999999999895e+00
6.532105999999999746e+00
8.807850000000000179e+00
3.454232000000000191e+00
1.396194999999999986e+01
3.989300000000000068e-01
3.361933559999999943e+02
1.560403999999999902e+00
5.478999999999999773e+02
1.471966000000000108e+00
3.984642000000000017e+00
9.641440000000000010e-01
3.232505999999999879e+00
1.250000000000000000e+01
1.267997999999999958e+00
1.403934000000000015e+00
6.116207960000000412e+02
7.544587259999999560e+02
2.310519999999999907e+00
3.552398000000000167e+00
4.411381920000000036e+02
8.403788859999999659e+02
2.080503799999999970e+01
3.401359999999999939e+00
1.236094000000000026e+00
1.436044000000000098e+00
5.056186000000000291e+00
6.312764200000000159e+01
6.756756759999999531e+02
1.292875999999999914e+00
1.757028000000000034e+00
4.195204000000000377e+00
4.662004660000000058e+02
4.484861999999999682e+00
1.019589999999999996e+00
7.044710000000000250e+00
1.637974000000000041e+00
4.435925680000000284e+02
3.615542000000000034e+00
1.534729999999999928e+00
1.190476190000000088e+03
1.007426605999999992e+03
5.328928000000000331e+00
1.676899200000000079e+01
1.589032459999999958e+02
4.072999999999999954e-01
5.859321999999999697e+00
2.047082000000000068e+00
9.259259260000000040e+02
2.453441999999999901e+00
6.258581999999999645e+00
9.029033999999999338e+00
9.572628560000000562e+02
1.714236000000000093e+00
1.680671999999999944e+00
5.338140000000000107e-01
nan
4.929301999999999850e+00
8.677240000000000508e-01
1.405380000000000074e+00
4.820780000000000065e+00
3.464834000000000191e+00
5.058359999999999523e-01
4.924899999999999833e-01
1.267186799999999991e+01
4.925200000000000133e-01
1.662716000000000083e+00
1.971055999999999919e+00
3.622074000000000016e+00
7.683806039999999484e+02
4.543873999999999747e+00
3.693982000000000099e+00
1.545595999999999970e+00
1.440215800000000002e+01
2.881622000000000128e+00
4.055877879999999891e+02
6.139275999999999733e+00
2.624671920000000114e+02
1.807261000000000095e+01
3.562964199999999693e+01
6.551084600000000080e+01
4.164233760000000188e+02
4.299748159999999757e+02
4.966423619999999914e+02
5.310651000000000010e+01
2.965865459999999985e+02
3.906250000000000000e+02
1.185241999999999907e+00
5.367184539999999515e+02
6.015040000000000386e-01
1.970443339999999921e+02
2.869440460000000144e+02
6.666666659999999638e+02
4.739336500000000001e+02
5.405405399999999645e+02
1.629680000000000017e+00
7.481606000000000201e+00
1.142212000000000005e+00
2.872857999999999912e+00
6.400614000000000026e+00
1.845846000000000098e+00
7.070902000000000243e+00
3.590406000000000208e+00
1.814992540000000076e+02
1.540074920000000134e+02
2.121280000000000110e-01
2.350220000000000087e-01
3.967109659999999849e+02
1.245917759999999959e+02
1.409443999999999919e+00
2.157497999999999916e+00
5.261213999999999835e+00
5.714285720000000310e+02
6.020366000000000106e+00
3.369650000000000034e+00
1.488801999999999959e+00
1.242992000000000097e+00
1.941743999999999915e+00
1.455969999999999986e+00
4.014861999999999931e+00
1.311247999999999969e+00
4.192872000000000376e+00
nan
2.684563999999999950e+00
2.361202199999999962e+01
2.132163999999999948e+00
8.298755180000000564e+02
6.198214000000000112e+00
2.610965999999999898e+00
3.139927999999999830e+00
2.143250000000000099e+00
1.125556000000000001e+00
9.720860000000000056e-01
1.990855999999999959e+00
2.663116000000000039e+00
6.411845839999999725e+02
5.344794000000000267e+00
7.663951879999999619e+02
4.772103999999999679e+00
1.892425999999999942e+00
3.714236000000000093e+00
6.094242799999999960e+01
7.107342000000000048e+00
1.497006000000000059e+00
2.127660000000000107e+00
2.930219999999999825e+00
2.374146000000000090e+00
1.056534000000000084e+00
7.283380000000000409e-01
6.716324260000000095e+02
3.874199000000000126e+01
4.514115999999999573e+00
5.591931640000000243e+02
5.514156659999999874e+02
1.471945999999999977e+00
3.346308199999999999e+01
2.895382839999999760e+02
1.229000599999999999e+01
6.514659999999999895e-01
1.429240000000000066e+01
9.146203000000000429e+02
2.338083999999999829e+00
1.201562000000000019e+00
3.351210000000000022e+00
4.338394000000000084e+00
4.190824000000000105e+00
1.112370000000000081e+00
1.649819999999999898e-01
2.524500000000000188e+00
8.716375100000000202e+02
4.264391999999999960e+00
5.431146000000000029e+00
2.865719999999999934e-01
3.851839279999999803e+02
1.657820000000000071e+00
1.269128000000000034e+00
1.875520000000000076e+00
5.854800000000000004e+00
3.732533999999999796e+00
4.209926000000000279e+00
7.655248080000000073e+02
1.028389999999999915e+00
2.458892000000000078e+00
5.723545999999999800e+00
1.885013999999999967e+00
5.805092160000000376e+02
1.384416000000000091e+00
9.258475999999999928e+00
8.863320000000000087e-01
4.159363260000000082e+02
5.775173899999999776e+02
5.319859999999999589e-01
8.519740000000000091e-01
2.302198000000000189e+00
1.392457999999999974e+00
8.559739999999999682e+00
2.531645999999999841e+00
7.518796000000000035e+00
3.164055999999999980e+00
2.745712000000000153e+00
1.216823999999999906e+00
2.642360000000000042e+00
1.942123999999999961e+00
4.037387999999999977e+00
1.684774399999999872e+01
6.934267579999999498e+02
6.594132000000000104e+00
1.111728000000000049e+00
1.692816000000000098e+00
1.445640000000000036e+00
3.936233999999999789e+00
1.976817999999999964e+00
1.718213999999999908e+00
3.584255999999999887e+00
2.116886000000000045e+00
1.086373999999999951e+00
