##########################################################################################################
#    INTERMEDIATE/RED HORIZONTAL BRANCH at the two lowest metallicities 
#    (Maraston & Thomas 2000; Maraston et al. 2003)
#
 -2.25  1.000000   0.40506   0.34885   0.40652   0.56152   0.69650   0.65736   0.42859   0.30283   0.22663
 -2.25  1.500000   0.55639   0.48455   0.56736   0.73083   0.87898   0.82069   0.56387   0.42315   0.33026
 -2.25  2.000000   0.69356   0.60612   0.69791   0.87563   1.04617   0.97679   0.69413   0.54255   0.43604
 -2.25  3.000000   0.92476   0.84985   0.96451   1.16119   1.38441   1.30914   1.05231   0.95787   0.87174
 -2.25  4.000000   1.13788   1.07857   1.22408   1.40971   1.64168   1.52408   1.20584   1.08825   0.98757
 -2.25  5.000000   1.33348   1.29568   1.48217   1.64611   1.88234   1.72464   1.34765   1.20842   1.09390
 -2.25  6.000000   1.51322   1.51237   1.74011   1.87248   2.10600   1.90624   1.47549   1.31504   1.18767
 -2.25  7.000000   1.68248   1.71027   1.97981   2.08499   2.31923   2.08384   1.60039   1.42097   1.28146
 -2.25  8.000000   1.84455   1.90660   2.21952   2.29456   2.52685   2.25434   1.71830   1.51991   1.36842
 -2.25  9.000000   1.99825   2.09916   2.45112   2.49669   2.72524   2.41638   1.83065   1.61408   1.45106
 -2.25 10.000000   2.13763   2.26360   2.63997   2.67054   2.90188   2.56495   1.93981   1.70796   1.53362
 -2.25 11.000000   2.27202   2.43566   2.82863   2.84221   3.07593   2.70954   2.04351   1.79629   1.61085
 -2.25 12.000000   2.39910   2.60314   3.00592   3.00619   3.24263   2.84824   2.14219   1.87991   1.68383
 -2.25 13.000000   2.52579   2.77487   3.18627   3.17368   3.41258   2.98843   2.23832   1.95994   1.75389
 -2.25 14.000000   2.67983   2.96356   3.36585   3.36027   3.61755   3.16705   2.36534   2.07116   1.85257
 -2.25 15.000000   2.85071   3.13144   3.53040   3.55618   3.84365   3.37213   2.52037   2.21200   1.97908
 -1.35  0.000001   0.00168   0.01131   0.03327   0.07782   0.14151   0.20935   0.38719   0.55775   0.60640
 -1.35  0.000100   0.00167   0.01125   0.03312   0.07748   0.14092   0.20849   0.38569   0.55565   0.60412
 -1.35  0.000200   0.00165   0.01106   0.03260   0.07629   0.13880   0.20542   0.38036   0.54813   0.59621
 -1.35  0.000400   0.00161   0.01072   0.03168   0.07422   0.13507   0.20000   0.37089   0.53481   0.58194
 -1.35  0.000600   0.00157   0.01043   0.03088   0.07239   0.13179   0.19524   0.36251   0.52307   0.56938
 -1.35  0.000800   0.00154   0.01018   0.03019   0.07083   0.12898   0.19114   0.35527   0.51277   0.55842
 -1.35  0.001000   0.00150   0.00988   0.02935   0.06890   0.12551   0.18609   0.34639   0.50017   0.54495
 -1.35  0.001500   0.00141   0.00896   0.02680   0.06308   0.11503   0.17080   0.31921   0.46179   0.50383
 -1.35  0.002000   0.00132   0.00629   0.01919   0.04568   0.08378   0.12523   0.23761   0.34600   0.37966
 -1.35  0.002500   0.00122   0.00482   0.01472   0.03505   0.06429   0.09622   0.18351   0.26793   0.29453
 -1.35  0.003000   0.00126   0.00344   0.00937   0.02117   0.03763   0.05418   0.09272   0.12961   0.13814
 -1.35  0.003500   0.00146   0.00318   0.00769   0.01678   0.02920   0.04115   0.06723   0.09290   0.09797
 -1.35  0.004000   0.00205   0.00559   0.01583   0.03651   0.06577   0.09631   0.17311   0.24720   0.26704
 -1.35  0.004500   0.00226   0.00505   0.01281   0.02841   0.04999   0.07129   0.12053   0.16856   0.17921
 -1.35  0.005000   0.00234   0.00349   0.00662   0.01328   0.02201   0.02906   0.03969   0.05128   0.05208
 -1.35  0.005500   0.00268   0.00425   0.00832   0.01656   0.02719   0.03552   0.04737   0.06003   0.06051
 -1.35  0.006000   0.00301   0.00472   0.00969   0.01973   0.03287   0.04375   0.06105   0.07889   0.08034
 -1.35  0.006500   0.00338   0.00520   0.01130   0.02369   0.04018   0.05477   0.08145   0.10798   0.11145
 -1.35  0.007000   0.00381   0.00588   0.01361   0.02908   0.04992   0.06919   0.10852   0.14605   0.15212
 -1.35  0.007500   0.00417   0.00651   0.01551   0.03342   0.05769   0.08043   0.12819   0.17289   0.18048
 -1.35  0.008000   0.00455   0.00717   0.01749   0.03796   0.06585   0.09223   0.14883   0.20077   0.20986
 -1.35  0.008500   0.00507   0.00788   0.01931   0.04191   0.07265   0.10161   0.16290   0.21695   0.22567
 -1.35  0.009000   0.00552   0.00847   0.02074   0.04496   0.07780   0.10846   0.17159   0.22480   0.23236
 -1.35  0.009500   0.00592   0.00897   0.02186   0.04727   0.08159   0.11323   0.17607   0.22641   0.23241
 -1.35  0.010000   0.00631   0.00947   0.02298   0.04959   0.08537   0.11798   0.18045   0.22797   0.23244
 -1.35  0.015000   0.01090   0.01362   0.02902   0.05998   0.10013   0.13297   0.18439   0.21865   0.21678
 -1.35  0.020000   0.01547   0.01819   0.03736   0.07387   0.11849   0.14933   0.18199   0.19593   0.18865
 -1.35  0.025000   0.01978   0.02230   0.04323   0.08185   0.12612   0.15107   0.16425   0.16490   0.15588
 -1.35  0.030000   0.02460   0.02715   0.05133   0.09513   0.14361   0.16744   0.17144   0.16504   0.15438
 -1.35  0.035000   0.02858   0.03048   0.05611   0.10333   0.15546   0.18046   0.18353   0.17609   0.16422
 -1.35  0.040000   0.03242   0.03316   0.05912   0.10809   0.16209   0.18729   0.18950   0.18152   0.16867
 -1.35  0.045000   0.03622   0.03571   0.06190   0.11248   0.16815   0.19353   0.19493   0.18644   0.17269
 -1.35  0.050000   0.04000   0.03814   0.06449   0.11654   0.17377   0.19927   0.19990   0.19094   0.17636
 -1.35  0.055000   0.04375   0.04048   0.06692   0.12033   0.17898   0.20459   0.20446   0.19506   0.17971
 -1.35  0.060000   0.04748   0.04272   0.06921   0.12389   0.18387   0.20957   0.20874   0.19892   0.18284
 -1.35  0.065000   0.05118   0.04488   0.07138   0.12723   0.18845   0.21421   0.21269   0.20247   0.18573
 -1.35  0.070000   0.05487   0.04698   0.07345   0.13043   0.19280   0.21860   0.21646   0.20584   0.18846
 -1.35  0.075000   0.05853   0.04902   0.07542   0.13345   0.19692   0.22277   0.21997   0.20901   0.19101
 -1.35  0.080000   0.06217   0.05099   0.07730   0.13632   0.20084   0.22670   0.22330   0.21200   0.19338
 -1.35  0.085000   0.06580   0.05291   0.07912   0.13910   0.20460   0.23048   0.22650   0.21486   0.19568
 -1.35  0.090000   0.06942   0.05479   0.08088   0.14176   0.20821   0.23409   0.22954   0.21758   0.19787
 -1.35  0.095000   0.07302   0.05661   0.08256   0.14430   0.21165   0.23754   0.23244   0.22016   0.19992
 -1.35  0.100000   0.07659   0.05838   0.08417   0.14675   0.21495   0.24082   0.23519   0.22262   0.20188
 -1.35  0.200000   0.13921   0.10208   0.12631   0.20435   0.28828   0.31121   0.29028   0.27434   0.24919
 -1.35  0.300000   0.15035   0.14309   0.16936   0.23910   0.28783   0.25719   0.14211   0.08908   0.06302
 -1.35  0.400000   0.19052   0.18215   0.22392   0.29655   0.34234   0.30018   0.16346   0.10181   0.07172
 -1.35  0.500000   0.22811   0.23002   0.28476   0.35681   0.39789   0.34217   0.18707   0.11822   0.08434
 -1.35  0.600000   0.26750   0.29482   0.34442   0.40964   0.44883   0.38297   0.21331   0.13763   0.10005
 -1.35  0.700000   0.29566   0.34460   0.38349   0.43921   0.47827   0.40892   0.23474   0.15568   0.11560
 -1.35  0.800000   0.33046   0.38877   0.42186   0.47789   0.52193   0.44896   0.26391   0.17816   0.13401
 -1.35  0.900000   0.36258   0.42846   0.45649   0.51304   0.56176   0.48568   0.29155   0.19992   0.15206
 -1.35  1.000000   0.39523   0.46671   0.49109   0.54995   0.60396   0.52443   0.31983   0.22192   0.17022
 -1.35  1.500000   0.54015   0.62069   0.64404   0.71686   0.79519   0.70035   0.45231   0.32824   0.25977
 -1.35  2.000000   0.67429   0.75991   0.78070   0.86521   0.96659   0.85997   0.57836   0.43327   0.35066
 -1.35  3.000000   0.94191   1.06466   1.10076   1.18766   1.34391   1.22713   0.93932   0.80148   0.72592
 -1.35  4.000000   1.17815   1.37926   1.43855   1.48322   1.64076   1.47518   1.11718   0.94529   0.85390
 -1.35  5.000000   1.39424   1.69088   1.78170   1.76943   1.91935   1.70245   1.27067   1.06511   0.96009
 -1.35  6.000000   1.58328   1.97215   2.09190   2.02461   2.16322   1.89907   1.40495   1.17063   1.05347
 -1.35  7.000000   1.77758   2.28815   2.41816   2.29132   2.41727   2.10245   1.54158   1.27704   1.14722
 -1.35  8.000000   1.95624   2.55527   2.69673   2.53021   2.65288   2.29613   1.67663   1.38573   1.24370
 -1.35  9.000000   2.15485   2.89361   3.03752   2.80802   2.91823   2.50865   1.81819   1.49623   1.34116
 -1.35 10.000000   2.30026   3.17128   3.30640   3.01686   3.11254   2.66021   1.91494   1.56919   1.40500
 -1.35 11.000000   2.42511   3.40346   3.53216   3.19507   3.27944   2.79152   2.00042   1.63516   1.46272
 -1.35 12.000000   2.56751   3.71880   3.82052   3.40913   3.47251   2.93740   2.09085   1.70186   1.52000
 -1.35 13.000000   2.70301   3.98502   4.07221   3.60670   3.65688   3.08142   2.18510   1.77431   1.58325
 -1.35 14.000000   2.84733   4.29223   4.35475   3.82299   3.85588   3.23477   2.28372   1.84928   1.64848
 -1.35 15.000000   3.00608   4.53163   4.61078   4.05634   4.08784   3.42684   2.42267   1.96523   1.75216
 -0.33  0.000001   0.00164   0.00839   0.02463   0.05756   0.10466   0.15487   0.28555   0.41073   0.44644
 -0.33  0.000100   0.00163   0.00829   0.02434   0.05690   0.10350   0.15318   0.28264   0.40671   0.44214
 -0.33  0.000200   0.00162   0.00810   0.02383   0.05575   0.10143   0.15022   0.27749   0.39954   0.43451
 -0.33  0.000400   0.00158   0.00768   0.02268   0.05315   0.09681   0.14352   0.26593   0.38332   0.41733
 -0.33  0.000600   0.00155   0.00726   0.02154   0.05058   0.09221   0.13685   0.25431   0.36708   0.40009
 -0.33  0.000800   0.00152   0.00676   0.02016   0.04745   0.08663   0.12878   0.24021   0.34731   0.37907
 -0.33  0.001000   0.00149   0.00607   0.01823   0.04309   0.07884   0.11749   0.22037   0.31945   0.34940
 -0.33  0.001500   0.00141   0.00598   0.01628   0.03856   0.07062   0.10538   0.19847   0.28829   0.31578
 -0.33  0.002000   0.00133   0.00678   0.01429   0.03387   0.06208   0.09274   0.17542   0.25527   0.28003
 -0.33  0.002500   0.00125   0.00866   0.01106   0.02617   0.04795   0.07170   0.13626   0.19888   0.21855
 -0.33  0.003000   0.00135   0.01053   0.00860   0.01994   0.03613   0.05343   0.09928   0.14383   0.15704
 -0.33  0.003500   0.00175   0.01027   0.00772   0.01693   0.02961   0.04203   0.06995   0.09707   0.10280
 -0.33  0.004000   0.00227   0.00771   0.01041   0.02265   0.03930   0.05510   0.08791   0.11811   0.12324
 -0.33  0.004500   0.00266   0.00632   0.01300   0.02823   0.04887   0.06819   0.10659   0.14100   0.14624
 -0.33  0.005000   0.00312   0.00562   0.01263   0.02496   0.04039   0.05218   0.06757   0.08184   0.08150
 -0.33  0.005500   0.00329   0.00613   0.01053   0.02099   0.03435   0.04512   0.06117   0.07718   0.07780
 -0.33  0.006000   0.00349   0.00643   0.00830   0.01557   0.02476   0.03143   0.03944   0.04865   0.04850
 -0.33  0.006500   0.00378   0.00613   0.00760   0.01284   0.01914   0.02274   0.02535   0.02938   0.02865
 -0.33  0.007000   0.00422   0.00583   0.00907   0.01351   0.01832   0.01999   0.01966   0.02080   0.01978
 -0.33  0.007500   0.00466   0.00719   0.01185   0.01649   0.02117   0.02203   0.01929   0.01893   0.01772
 -0.33  0.008000   0.00513   0.00865   0.01508   0.01988   0.02426   0.02411   0.01898   0.01731   0.01593
 -0.33  0.008500   0.00566   0.00964   0.01760   0.02381   0.02781   0.02611   0.01889   0.01574   0.01402
 -0.33  0.009000   0.00614   0.01049   0.01978   0.02771   0.03186   0.02864   0.01953   0.01525   0.01324
 -0.33  0.009500   0.00658   0.01124   0.02165   0.03158   0.03642   0.03164   0.02070   0.01542   0.01310
 -0.33  0.010000   0.00702   0.01201   0.02357   0.03575   0.04135   0.03477   0.02187   0.01559   0.01297
 -0.33  0.015000   0.01241   0.01606   0.02695   0.04276   0.05759   0.06000   0.05087   0.04498   0.04018
 -0.33  0.020000   0.01733   0.01799   0.03649   0.07147   0.11026   0.12850   0.12611   0.10860   0.09579
 -0.33  0.025000   0.02256   0.02339   0.04510   0.08290   0.11861   0.12593   0.10540   0.08345   0.07246
 -0.33  0.030000   0.02786   0.02779   0.05082   0.09170   0.12974   0.13712   0.11426   0.09100   0.07949
 -0.33  0.035000   0.03283   0.03179   0.05542   0.09741   0.13676   0.14417   0.11965   0.09677   0.08482
 -0.33  0.040000   0.03845   0.03636   0.06074   0.10382   0.14457   0.15188   0.12521   0.10292   0.09041
 -0.33  0.045000   0.04420   0.04092   0.06584   0.10982   0.15184   0.15901   0.13032   0.10865   0.09563
 -0.33  0.050000   0.05005   0.04547   0.07074   0.11546   0.15861   0.16565   0.13505   0.11401   0.10053
 -0.33  0.055000   0.05611   0.05010   0.07561   0.12102   0.16527   0.17219   0.13971   0.11931   0.10536
 -0.33  0.060000   0.06238   0.05482   0.08048   0.12652   0.17189   0.17869   0.14435   0.12457   0.11016
 -0.33  0.065000   0.06954   0.05972   0.08558   0.13357   0.18136   0.18862   0.15325   0.13264   0.11723
 -0.33  0.070000   0.07727   0.06495   0.09103   0.14111   0.19150   0.19929   0.16275   0.14126   0.12477
 -0.33  0.075000   0.08215   0.06821   0.09456   0.14606   0.19809   0.20615   0.16885   0.14676   0.12962
 -0.33  0.080000   0.08709   0.07146   0.09807   0.15098   0.20465   0.21298   0.17493   0.15224   0.13443
 -0.33  0.085000   0.09171   0.07466   0.10183   0.15569   0.21031   0.21836   0.17966   0.15645   0.13807
 -0.33  0.090000   0.09638   0.07788   0.10562   0.16039   0.21599   0.22380   0.18439   0.16066   0.14171
 -0.33  0.095000   0.10076   0.08101   0.10970   0.16516   0.22110   0.22803   0.18807   0.16382   0.14437
 -0.33  0.100000   0.10512   0.08411   0.11375   0.16986   0.22612   0.23222   0.19170   0.16693   0.14699
 -0.33  0.200000   0.18989   0.15504   0.18973   0.26534   0.33767   0.33374   0.26936   0.23159   0.20378
 -0.33  0.300000   0.20035   0.22505   0.24852   0.30972   0.35472   0.31000   0.20654   0.15119   0.12073
 -0.33  0.400000   0.24772   0.29457   0.30399   0.36757   0.41345   0.35732   0.21634   0.14758   0.11173
 -0.33  0.500000   0.29167   0.36833   0.36539   0.42466   0.46946   0.40242   0.23799   0.16050   0.12060
 -0.33  0.600000   0.33513   0.45422   0.43538   0.49049   0.53131   0.43961   0.24159   0.15982   0.11906
 -0.33  0.700000   0.36165   0.54903   0.50442   0.53323   0.56042   0.46165   0.25102   0.16492   0.12314
 -0.33  0.800000   0.39694   0.63290   0.57156   0.58498   0.59987   0.48366   0.23954   0.14530   0.10193
 -0.33  0.900000   0.43658   0.71978   0.64476   0.64032   0.64923   0.52403   0.25956   0.15673   0.10976
 -0.33  1.000000   0.41653   0.75180   0.65684   0.61873   0.61532   0.49288   0.24564   0.14948   0.10553
 -0.33  1.500000   0.60934   1.14459   1.01011   0.89654   0.88416   0.71333   0.38326   0.24561   0.18082
 -0.33  2.000000   0.79837   1.52475   1.34524   1.16541   1.14699   0.92973   0.52461   0.34888   0.26495
 -0.33  3.000000   1.14344   2.26914   1.98218   1.70743   1.72497   1.44791   0.96308   0.74511   0.65443
 -0.33  4.000000   1.44327   2.96582   2.55331   2.15429   2.15330   1.78741   1.17258   0.90162   0.78956
 -0.33  5.000000   1.73285   3.61856   3.08585   2.57523   2.55985   2.11162   1.37599   1.05578   0.92328
 -0.33  6.000000   1.99900   4.29054   3.63005   3.00298   2.96778   2.42970   1.57048   1.19992   1.04672
 -0.33  7.000000   2.24365   4.96438   4.15131   3.39895   3.33815   2.71210   1.73790   1.32222   1.15076
 -0.33  8.000000   2.47423   5.61830   4.65077   3.77437   3.68676   2.97553   1.89411   1.43630   1.24774
 -0.33  9.000000   2.68668   6.32083   5.16243   4.14662   4.02396   3.21939   2.02644   1.52691   1.32256
 -0.33 10.000000   2.91275   7.20875   5.75201   4.54799   4.37663   3.47072   2.16381   1.62293   1.40249
 -0.33 11.000000   3.12369   8.08589   6.31434   4.92820   4.71073   3.71063   2.29619   1.71494   1.48009
 -0.33 12.000000   3.34972   8.96777   6.87139   5.30548   5.03924   3.94462   2.42686   1.80620   1.55641
 -0.33 13.000000   3.57184   9.91836   7.45075   5.69010   5.37427   4.18523   2.56377   1.90458   1.63998
 -0.33 14.000000   3.77012  10.78398   7.97809   6.04365   5.68354   4.40777   2.68967   1.99535   1.71688
 -0.33 15.000000   3.93658  11.69492   8.49957   6.38024   5.97031   4.60805   2.79793   2.07089   1.78040
  0.00  0.000001   0.00155   0.00680   0.02003   0.04676   0.08508   0.12643   0.23345   0.33599   0.36543
  0.00  0.000100   0.00154   0.00667   0.01968   0.04597   0.08369   0.12442   0.23000   0.33125   0.36038
  0.00  0.000200   0.00153   0.00637   0.01885   0.04413   0.08040   0.11969   0.22186   0.31992   0.34843
  0.00  0.000400   0.00150   0.00573   0.01710   0.04017   0.07335   0.10951   0.20421   0.29531   0.32237
  0.00  0.000600   0.00148   0.00552   0.01651   0.03879   0.07087   0.10586   0.19772   0.28610   0.31249
  0.00  0.000800   0.00146   0.00533   0.01594   0.03748   0.06849   0.10237   0.19146   0.27726   0.30300
  0.00  0.001000   0.00143   0.00513   0.01537   0.03616   0.06611   0.09886   0.18518   0.26836   0.29341
  0.00  0.001500   0.00137   0.00453   0.01361   0.03205   0.05865   0.08780   0.16515   0.23980   0.26257
  0.00  0.002000   0.00132   0.00359   0.01078   0.02531   0.04628   0.06923   0.13069   0.19029   0.20867
  0.00  0.002500   0.00133   0.00315   0.00940   0.02197   0.04009   0.05983   0.11279   0.16425   0.18006
  0.00  0.003000   0.00154   0.00270   0.00767   0.01754   0.03160   0.04650   0.08549   0.12342   0.13433
  0.00  0.003500   0.00195   0.00316   0.00763   0.01596   0.02724   0.03744   0.05580   0.07377   0.07600
  0.00  0.004000   0.00250   0.00393   0.00943   0.01903   0.03134   0.04136   0.05641   0.06989   0.07013
  0.00  0.004500   0.00301   0.00476   0.01178   0.02372   0.03865   0.05021   0.06693   0.08023   0.07968
  0.00  0.005000   0.00354   0.00532   0.01277   0.02550   0.04134   0.05344   0.07051   0.08431   0.08360
  0.00  0.005500   0.00383   0.00528   0.01199   0.02371   0.03827   0.04932   0.06481   0.07782   0.07720
  0.00  0.006000   0.00407   0.00509   0.00978   0.01822   0.02858   0.03580   0.04413   0.05243   0.05161
  0.00  0.006500   0.00440   0.00547   0.00944   0.01560   0.02265   0.02640   0.02821   0.03124   0.03013
  0.00  0.007000   0.00487   0.00701   0.01230   0.01726   0.02202   0.02282   0.01958   0.01874   0.01746
  0.00  0.007500   0.00527   0.00829   0.01509   0.02027   0.02415   0.02318   0.01741   0.01498   0.01362
  0.00  0.008000   0.00571   0.00970   0.01855   0.02449   0.02760   0.02432   0.01587   0.01225   0.01084
  0.00  0.008500   0.00643   0.01119   0.02509   0.03954   0.04496   0.03270   0.01653   0.01085   0.00906
  0.00  0.009000   0.00702   0.01218   0.02900   0.04953   0.05701   0.03847   0.01754   0.01078   0.00879
  0.00  0.009500   0.00749   0.01275   0.03023   0.05232   0.06120   0.04151   0.01883   0.01156   0.00941
  0.00  0.010000   0.00797   0.01331   0.03145   0.05510   0.06545   0.04462   0.02014   0.01235   0.01004
  0.00  0.015000   0.01414   0.01523   0.02714   0.04766   0.06864   0.07221   0.05702   0.04487   0.03876
  0.00  0.020000   0.01972   0.01861   0.03388   0.06431   0.09733   0.10635   0.08701   0.06765   0.05822
  0.00  0.025000   0.02532   0.02446   0.04245   0.07567   0.10777   0.11020   0.08258   0.06249   0.05386
  0.00  0.030000   0.03645   0.02999   0.04503   0.08021   0.12057   0.14152   0.14350   0.14142   0.13232
  0.00  0.035000   0.03829   0.03496   0.05198   0.09011   0.13306   0.15372   0.15251   0.14838   0.13839
  0.00  0.040000   0.04509   0.03993   0.05886   0.09969   0.14494   0.16518   0.16080   0.15472   0.14391
  0.00  0.045000   0.05208   0.04490   0.06569   0.10898   0.15631   0.17600   0.16850   0.16056   0.14899
  0.00  0.050000   0.05923   0.04985   0.07245   0.11801   0.16720   0.18624   0.17566   0.16594   0.15362
  0.00  0.055000   0.06655   0.05480   0.07916   0.12680   0.17770   0.19601   0.18241   0.17095   0.15796
  0.00  0.060000   0.07395   0.05970   0.08575   0.13531   0.18773   0.20523   0.18865   0.17555   0.16190
  0.00  0.065000   0.07984   0.06377   0.09062   0.14265   0.19781   0.21615   0.19857   0.18483   0.17042
  0.00  0.070000   0.08565   0.06774   0.09532   0.14973   0.20748   0.22666   0.20811   0.19374   0.17861
  0.00  0.075000   0.09144   0.07165   0.09990   0.15661   0.21691   0.23687   0.21739   0.20241   0.18657
  0.00  0.080000   0.09720   0.07551   0.10439   0.16335   0.22615   0.24687   0.22644   0.21090   0.19435
  0.00  0.085000   0.10294   0.07933   0.10878   0.16993   0.23513   0.25661   0.23528   0.21916   0.20193
  0.00  0.090000   0.10866   0.08309   0.11310   0.17636   0.24394   0.26615   0.24392   0.22724   0.20934
  0.00  0.095000   0.11437   0.08681   0.11732   0.18267   0.25257   0.27546   0.25238   0.23515   0.21660
  0.00  0.100000   0.12006   0.09051   0.12149   0.18889   0.26105   0.28463   0.26069   0.24293   0.22373
  0.00  0.200000   0.21911   0.18020   0.21156   0.30285   0.39638   0.41426   0.35403   0.32157   0.29738
  0.00  0.300000   0.25271   0.26547   0.28167   0.36791   0.44155   0.40056   0.26944   0.20950   0.17474
  0.00  0.400000   0.27974   0.34918   0.34467   0.42197   0.47543   0.39070   0.22160   0.15424   0.11969
  0.00  0.500000   0.32950   0.44317   0.42085   0.48970   0.54221   0.44403   0.25131   0.17468   0.13536
  0.00  0.600000   0.37700   0.53809   0.49492   0.55286   0.60347   0.49283   0.27844   0.19329   0.14964
  0.00  0.700000   0.42164   0.63438   0.57595   0.61471   0.65867   0.53406   0.29571   0.20011   0.15107
  0.00  0.800000   0.46454   0.73102   0.65634   0.67379   0.71051   0.57254   0.31149   0.20618   0.15231
  0.00  0.900000   0.50856   0.84571   0.75381   0.74676   0.77894   0.63093   0.34197   0.22773   0.16994
  0.00  1.000000   0.55154   0.96320   0.85294   0.81876   0.84566   0.68821   0.37174   0.24891   0.18743
  0.00  1.500000   0.75336   1.48703   1.28979   1.11265   1.10581   0.91016   0.54934   0.39077   0.31652
  0.00  2.000000   0.94064   2.04827   1.71817   1.41902   1.38825   1.12800   0.67700   0.48420   0.39832
  0.00  3.000000   1.21684   3.13069   2.44839   1.97551   1.94769   1.58825   0.97122   0.72457   0.63498
  0.00  4.000000   1.50868   4.10500   3.13439   2.48104   2.42032   1.94587   1.16293   0.85900   0.74885
  0.00  5.000000   1.80346   5.21691   3.86521   2.99511   2.89130   2.29601   1.34516   0.98640   0.85596
  0.00  6.000000   2.05572   6.24787   4.50580   3.43662   3.29255   2.59497   1.50277   1.09752   0.94984
  0.00  7.000000   2.33274   7.25159   5.16551   3.91808   3.74036   2.93058   1.68218   1.22482   1.05680
  0.00  8.000000   2.61945   8.26437   5.83727   4.41011   4.19884   3.27710   1.87262   1.36260   1.17363
  0.00  9.000000   2.91768   9.64215   6.65172   4.96700   4.69779   3.64027   2.05956   1.49367   1.28379
  0.00 10.000000   3.21276  10.93473   7.42554   5.50564   5.18571   3.99842   2.24827   1.62813   1.39691
  0.00 11.000000   3.50213  12.59389   8.30921   6.07687   5.68538   4.35111   2.42147   1.74840   1.49761
  0.00 12.000000   3.78370  14.24998   9.17264   6.63520   6.17183   4.69520   2.59021   1.86575   1.59520
  0.00 13.000000   4.05802  15.99455  10.05199   7.19601   6.65720   5.03329   2.75253   1.97757   1.68769
  0.00 14.000000   4.33198  17.83666  10.95352   7.76593   7.14947   5.37370   2.91362   2.08888   1.77940
  0.00 15.000000   4.62843  19.92388  11.96228   8.40183   7.69297   5.74452   3.08897   2.20909   1.87869
  0.35  0.000001   0.00143   0.00517   0.01538   0.03615   0.06605   0.09836   0.18316   0.26492   0.28931
  0.35  0.000100   0.00143   0.00511   0.01521   0.03576   0.06535   0.09733   0.18133   0.26237   0.28658
  0.35  0.000200   0.00142   0.00502   0.01495   0.03515   0.06425   0.09571   0.17847   0.25834   0.28223
  0.35  0.000400   0.00141   0.00483   0.01441   0.03390   0.06200   0.09240   0.17258   0.24997   0.27328
  0.35  0.000600   0.00139   0.00467   0.01394   0.03280   0.06000   0.08946   0.16731   0.24250   0.26524
  0.35  0.000800   0.00138   0.00450   0.01346   0.03167   0.05795   0.08643   0.16188   0.23477   0.25692
  0.35  0.001000   0.00137   0.00432   0.01293   0.03044   0.05571   0.08313   0.15593   0.22630   0.24774
  0.35  0.001500   0.00134   0.00333   0.00988   0.02309   0.04212   0.06272   0.11764   0.17098   0.18729
  0.35  0.002000   0.00137   0.00303   0.00891   0.02070   0.03774   0.05612   0.10512   0.15279   0.16731
  0.35  0.002500   0.00165   0.00294   0.00841   0.01928   0.03491   0.05156   0.09520   0.13771   0.15015
  0.35  0.003000   0.00191   0.00289   0.00796   0.01798   0.03225   0.04716   0.08534   0.12253   0.13283
  0.35  0.003500   0.00234   0.00299   0.00762   0.01684   0.02969   0.04264   0.07392   0.10451   0.11192
  0.35  0.004000   0.00304   0.00398   0.00986   0.02108   0.03624   0.05045   0.07919   0.10557   0.10952
  0.35  0.004500   0.00348   0.00455   0.01145   0.02441   0.04187   0.05807   0.09004   0.11864   0.12255
  0.35  0.005000   0.00402   0.00500   0.01136   0.02282   0.03764   0.05012   0.07070   0.08946   0.09065
  0.35  0.005500   0.00428   0.00532   0.01003   0.01724   0.02580   0.03120   0.03605   0.04175   0.04069
  0.35  0.006000   0.00477   0.00644   0.01276   0.01982   0.02687   0.02960   0.02709   0.02783   0.02608
  0.35  0.006500   0.00523   0.00714   0.01463   0.02263   0.02937   0.02984   0.02246   0.02016   0.01779
  0.35  0.007000   0.00552   0.00689   0.01329   0.02269   0.03012   0.02807   0.01825   0.01430   0.01163
  0.35  0.007500   0.00597   0.00857   0.01860   0.03190   0.03962   0.03084   0.01582   0.01145   0.00900
  0.35  0.008000   0.00646   0.01034   0.02479   0.04270   0.05006   0.03365   0.01427   0.00968   0.00740
  0.35  0.008500   0.00726   0.01124   0.02662   0.04602   0.05439   0.03748   0.01638   0.01118   0.00856
  0.35  0.009000   0.00798   0.01204   0.02824   0.04897   0.05830   0.04093   0.01830   0.01254   0.00963
  0.35  0.009500   0.00862   0.01276   0.02969   0.05164   0.06185   0.04407   0.02006   0.01378   0.01060
  0.35  0.010000   0.00929   0.01348   0.03114   0.05430   0.06543   0.04726   0.02188   0.01507   0.01162
  0.35  0.015000   0.01683   0.02027   0.04354   0.07890   0.10238   0.08287   0.04328   0.03027   0.02372
  0.35  0.020000   0.02325   0.02569   0.05205   0.09241   0.11912   0.09949   0.05568   0.03936   0.03130
  0.35  0.025000   0.03102   0.03110   0.06025   0.10691   0.14110   0.12583   0.07680   0.05570   0.04510
  0.35  0.030000   0.03815   0.03607   0.06697   0.11648   0.15294   0.14037   0.09024   0.06670   0.05493
  0.35  0.035000   0.04479   0.04123   0.07348   0.12587   0.16543   0.15448   0.10198   0.07677   0.06384
  0.35  0.040000   0.05192   0.04691   0.08029   0.13563   0.17878   0.16952   0.11422   0.08760   0.07342
  0.35  0.045000   0.05914   0.05255   0.08682   0.14484   0.19142   0.18397   0.12621   0.09841   0.08305
  0.35  0.050000   0.06644   0.05814   0.09308   0.15360   0.20344   0.19789   0.13798   0.10919   0.09272
  0.35  0.055000   0.07382   0.06370   0.09914   0.16199   0.21498   0.21142   0.14959   0.11997   0.10243
  0.35  0.060000   0.08126   0.06923   0.10500   0.17000   0.22606   0.22452   0.16101   0.13071   0.11216
  0.35  0.065000   0.08875   0.07472   0.11066   0.17773   0.23671   0.23730   0.17227   0.14143   0.12194
  0.35  0.070000   0.09631   0.08017   0.11621   0.18520   0.24703   0.24975   0.18341   0.15214   0.13174
  0.35  0.075000   0.10391   0.08560   0.12159   0.19242   0.25705   0.26190   0.19440   0.16282   0.14155
  0.35  0.080000   0.11157   0.09100   0.12684   0.19943   0.26675   0.27382   0.20528   0.17350   0.15141
  0.35  0.085000   0.11928   0.09636   0.13198   0.20621   0.27621   0.28549   0.21605   0.18414   0.16127
  0.35  0.090000   0.12702   0.10170   0.13700   0.21284   0.28538   0.29693   0.22670   0.19478   0.17115
  0.35  0.095000   0.13480   0.10703   0.14195   0.21931   0.29440   0.30819   0.23728   0.20541   0.18106
  0.35  0.100000   0.14262   0.11231   0.14678   0.22561   0.30316   0.31924   0.24774   0.21601   0.19098
  0.35  0.200000   0.25372   0.21875   0.23050   0.32547   0.42426   0.43933   0.34571   0.30673   0.27473
  0.35  0.300000   0.24438   0.34253   0.32301   0.39520   0.44584   0.33929   0.16601   0.11286   0.08705
  0.35  0.400000   0.29509   0.47294   0.41642   0.46848   0.51420   0.39132   0.19306   0.13186   0.10199
  0.35  0.500000   0.34593   0.61932   0.52844   0.55095   0.58754   0.44483   0.22080   0.15113   0.11712
  0.35  0.600000   0.39370   0.77060   0.64970   0.63520   0.66062   0.49745   0.24694   0.16915   0.13134
  0.35  0.700000   0.43257   0.92093   0.77315   0.71368   0.72062   0.53979   0.26895   0.18431   0.14368
  0.35  0.800000   0.48188   1.08683   0.91454   0.82925   0.82970   0.62036   0.28104   0.19055   0.14744
  0.35  0.900000   0.49459   1.24079   1.01611   0.87987   0.85794   0.63308   0.28759   0.19467   0.15097
  0.35  1.000000   0.54128   1.41534   1.14261   0.96698   0.93416   0.69052   0.31770   0.21566   0.16772
  0.35  1.500000   0.74806   2.30048   1.72480   1.37398   1.30743   0.97485   0.43734   0.30093   0.23261
  0.35  2.000000   0.94093   3.24069   2.30652   1.76229   1.65942   1.24497   0.54853   0.38117   0.29330
  0.35  3.000000   1.28938   4.65766   3.21194   2.43225   2.31680   1.81488   0.95642   0.70147   0.58512
  0.35  4.000000   1.62448   6.47862   4.25640   3.13013   2.93604   2.26507   1.15399   0.83707   0.69337
  0.35  5.000000   1.92879   8.17939   5.19231   3.74870   3.48370   2.66367   1.33193   0.96108   0.79316
  0.35  6.000000   2.22649  10.06615   6.17367   4.38514   4.03779   3.06100   1.50669   1.08189   0.88982
  0.35  7.000000   2.54378  11.91532   7.14605   5.03345   4.61515   3.48422   1.70054   1.21839   1.00061
  0.35  8.000000   2.86565  13.83439   8.14779   5.70059   5.20475   3.91273   1.89706   1.35744   1.11429
  0.35  9.000000   3.20795  15.91077   9.20219   6.40518   5.83460   4.37251   2.10655   1.50623   1.23541
  0.35 10.000000   3.53249  18.45203  10.36297   7.13254   6.45898   4.81198   2.29702   1.63879   1.34253
  0.35 11.000000   3.84901  21.59905  11.67440   7.90815   7.10485   5.24994   2.47306   1.75871   1.43799
  0.35 12.000000   4.15981  24.42268  12.86333   8.63045   7.71673   5.67327   2.64675   1.87842   1.53417
  0.35 13.000000   4.46667  27.49604  14.10685   9.36505   8.33048   6.09018   2.81158   1.99136   1.62417
  0.35 14.000000   4.77931  30.70232  15.39895  10.12724   8.96378   6.51285   2.98051   2.10732   1.71700
  0.35 15.000000   5.07490  33.97947  16.63630  10.83968   9.55645   6.91539   3.14150   2.21930   1.80741
  0.67  1.000000   0.83792   1.56837   1.28707   1.16103   1.21218   1.06819   0.63376   0.48686   0.40451
  0.67  1.500000   1.07718   2.76902   2.07609   1.72618   1.71036   1.41790   0.75378   0.55244   0.44995
  0.67  2.000000   1.28838   4.13358   2.91024   2.28632   2.18281   1.73307   0.85257   0.60424   0.48521
  0.67  3.000000   1.55331   7.53127   4.60713   3.32267   3.00304   2.25444   0.96402   0.64852   0.50639
  0.67  4.000000   1.77514  10.63577   5.89408   4.05271   3.58148   2.63433   1.07672   0.71355   0.55297
  0.67  5.000000   1.93426  11.92244   6.53027   4.47612   3.95204   2.89815   1.16985   0.77227   0.59765
  0.67  6.000000   2.16418  13.76067   7.34072   4.98798   4.39278   3.22138   1.30872   0.86618   0.67187
  0.67  7.000000   2.40942  15.85866   8.21507   5.53037   4.85602   3.56076   1.45664   0.96674   0.75174
  0.67  8.000000   2.67055  18.80217   9.39735   6.22393   5.42072   3.94871   1.60628   1.06509   0.82928
  0.67  9.000000   2.95381  22.57076  10.79771   7.01599   6.05274   4.37479   1.76631   1.16989   0.91206
  0.67 10.000000   3.26435  27.51269  12.46555   7.92257   6.76083   4.84362   1.94022   1.28332   1.00197
  0.67 11.000000   3.50713  30.79093  13.58843   8.54432   7.25950   5.18398   2.07886   1.37765   1.07800
  0.67 12.000000   3.76276  34.55522  14.81146   9.20718   7.78661   5.54072   2.22460   1.47738   1.15881
  0.67 13.000000   4.00976  38.32274  15.98601   9.83599   8.29261   5.88640   2.36520   1.57378   1.23694
  0.67 14.000000   4.22769  41.59862  16.98871  10.37500   8.73929   6.20056   2.49094   1.66083   1.30739
  0.67 15.000000   4.44139  44.98551  18.05928  10.95214   9.21533   6.53097   2.61816   1.74795   1.37711
