#IMF [M/H]    Age      U      B      V      R      I      J      H      K     U-V    B-V    V-R    V-I    V-J    V-H     V-K      (M/L)U   (M/L)B   (M/L)V   (M/L)R   (M/L)I   (M/L)J   (M/L)H   (M/L)K  F439W  F555W  F675W F814W 439-555 555-675 555-814
#=========================================================================================================================================================================================================================================================
1.30 -2.3152  0.0631   3.281  3.885  4.010  4.033  4.065  4.101  4.023  4.002 -0.729 -0.126 -0.022 -0.054 -0.091 -0.012  0.009    0.041    0.082    0.163    0.233    0.319    0.493	0.616	 0.637  3.889  4.004  4.039  4.062 -0.115 -0.036 -0.059
1.30 -2.3152  0.0708   3.367  3.945  4.061  4.077  4.100  4.120  4.031  4.007 -0.694 -0.116 -0.016 -0.039 -0.059  0.031  0.054    0.044    0.087    0.171    0.241    0.328    0.500	0.618	 0.638  3.950  4.055  4.083  4.099 -0.105 -0.028 -0.044
1.30 -2.3152  0.0794   3.449  4.003  4.107  4.117  4.131  4.134  4.033  4.008 -0.658 -0.105 -0.010 -0.023 -0.026  0.074  0.099    0.047    0.091    0.177    0.249    0.336    0.504	0.616	 0.635  4.007  4.102  4.121  4.130 -0.095 -0.019 -0.029
1.30 -2.3152  0.0891   3.528  4.059  4.153  4.157  4.161  4.147  4.036  4.008 -0.625 -0.094 -0.004 -0.008  0.006  0.117  0.145    0.050    0.095    0.184    0.257    0.344    0.507	0.614	 0.632  4.063  4.148  4.159  4.162 -0.085 -0.011 -0.013
1.30 -2.3152  0.1000   3.621  4.130  4.214  4.212  4.207  4.179  4.061  4.032 -0.593 -0.083  0.002  0.007  0.035  0.153  0.181    0.055    0.101    0.193    0.269    0.357    0.520	0.626	 0.643  4.135  4.210  4.213  4.209 -0.075 -0.003  0.001
1.30 -2.3152  0.1122   3.698  4.185  4.256  4.246  4.230  4.181  4.049  4.019 -0.559 -0.071  0.010  0.026  0.075  0.207  0.238    0.058    0.106    0.200    0.276    0.363    0.518	0.616	 0.632  4.189  4.253  4.245  4.233 -0.063  0.008  0.020
1.30 -2.3152  0.1259   3.773  4.240  4.298  4.279  4.251  4.178  4.031  3.998 -0.525 -0.058  0.019  0.047  0.120  0.267  0.300    0.062    0.111    0.207    0.283    0.367    0.514	0.602	 0.616  4.244  4.295  4.276  4.255 -0.051  0.020  0.041
1.30 -2.3152  0.1413   3.861  4.302  4.349  4.322  4.284  4.195  4.035  4.000 -0.488 -0.047  0.027  0.065  0.154  0.314  0.349    0.067    0.116    0.215    0.293    0.377    0.519	0.601	 0.614  4.307  4.347  4.317  4.289 -0.040  0.030  0.057
1.30 -2.3152  0.1585   3.869  4.154  3.859  3.549  3.191  2.628  2.090  1.971  0.010  0.295  0.310  0.668  1.231  1.769  1.887    0.067    0.101    0.137    0.143    0.137    0.122	0.100	 0.094  4.177  3.868  3.486  3.218  0.309  0.381  0.649
1.30 -2.3152  0.1778   3.951  4.205  3.892  3.573  3.206  2.633  2.089  1.969  0.059  0.313  0.319  0.686  1.259  1.803  1.923    0.072    0.106    0.140    0.146    0.138    0.122	0.099	 0.094  4.229  3.901  3.508  3.233  0.328  0.393  0.668
1.30 -2.3152  0.1995   4.032  4.258  3.927  3.598  3.222  2.640  2.090  1.968  0.105  0.331  0.329  0.704  1.287  1.837  1.958    0.077    0.110    0.144    0.148    0.140    0.122	0.099	 0.093  4.283  3.936  3.532  3.250  0.346  0.405  0.686
1.30 -2.3152  0.2239   4.117  4.315  3.965  3.626  3.242  2.649  2.092  1.969  0.152  0.350  0.339  0.724  1.317  1.873  1.996    0.083    0.116    0.148    0.151    0.141    0.122	0.098	 0.093  4.341  3.975  3.558  3.270  0.365  0.417  0.705
1.30 -2.3152  0.2512   4.202  4.375  4.006  3.657  3.264  2.661  2.098  1.973  0.196  0.368  0.349  0.743  1.346  1.908  2.033    0.089    0.121    0.153    0.155    0.143    0.123	0.098	 0.092  4.401  4.017  3.588  3.293  0.384  0.429  0.724
1.30 -2.3152  0.2818   4.307  4.454  4.062  3.700  3.295  2.679  2.108  1.981  0.246  0.392  0.362  0.767  1.382  1.953  2.080    0.098    0.130    0.160    0.160    0.147    0.125	0.099	 0.093  4.481  4.073  3.628  3.324  0.409  0.444  0.749
1.30 -2.3152  0.3162   4.405  4.540  4.167  3.819  3.426  2.822  2.259  2.133  0.238  0.373  0.347  0.741  1.345  1.908  2.034    0.107    0.140    0.175    0.178    0.165    0.141	0.113	 0.106  4.566  4.178  3.751  3.455  0.388  0.427  0.723
1.30 -2.3152  0.3548   4.499  4.610  4.237  3.893  3.503  2.903  2.343  2.218  0.262  0.373  0.344  0.734  1.334  1.894  2.019    0.116    0.148    0.186    0.189    0.176    0.151	0.121	 0.114  4.635  4.248  3.825  3.532  0.387  0.423  0.716
1.30 -2.3152  0.3981   4.602  4.693  4.320  3.980  3.592  2.995  2.437  2.312  0.282  0.372  0.340  0.728  1.325  1.883  2.008    0.126    0.159    0.200    0.204    0.190    0.164	0.131	 0.124  4.718  4.331  3.912  3.621  0.386  0.419  0.710
1.30 -2.3152  0.4467   4.728  4.818  4.466  4.142  3.769  3.189  2.643  2.520  0.262  0.352  0.324  0.697  1.277  1.823  1.946    0.141    0.177    0.227    0.235    0.222    0.195	0.158	 0.149  4.841  4.477  4.077  3.798  0.364  0.400  0.680
1.30 -2.3152  0.5012   4.807  4.885  4.530  4.207  3.837  3.262  2.722  2.601  0.276  0.355  0.323  0.693  1.268  1.808  1.929    0.151    0.188    0.240    0.249    0.235    0.207	0.169	 0.159  4.908  4.541  4.143  3.866  0.366  0.399  0.676
1.30 -2.3152  0.5623   4.886  4.957  4.597  4.275  3.906  3.335  2.800  2.681  0.289  0.360  0.322  0.691  1.262  1.797  1.916    0.161    0.200    0.254    0.263    0.249    0.220	0.181	 0.171  4.979  4.609  4.210  3.934  0.370  0.399  0.674
1.30 -2.3152  0.6310   4.968  5.034  4.667  4.344  3.975  3.409  2.879  2.760  0.301  0.367  0.324  0.693  1.259  1.789  1.907    0.173    0.213    0.269    0.279    0.264    0.235	0.193	 0.183  5.057  4.680  4.279  4.003  0.377  0.401  0.677
1.30 -2.3152  0.7079   5.067  5.128  4.754  4.428  4.058  3.494  2.965  2.847  0.313  0.374  0.326  0.697  1.261  1.789  1.907    0.189    0.231    0.290    0.300    0.284    0.252	0.208	 0.197  5.151  4.767  4.363  4.087  0.383  0.405  0.681
1.30 -2.3152  0.7943   5.185  5.249  4.885  4.568  4.206  3.655  3.137  3.022  0.300  0.364  0.317  0.679  1.230  1.748  1.864    0.209    0.257    0.326    0.339    0.323    0.291	0.242	 0.230  5.270  4.898  4.504  4.235  0.372  0.394  0.664
1.30 -2.3152  0.8913   5.270  5.329  4.961  4.644  4.282  3.738  3.223  3.109  0.309  0.368  0.317  0.679  1.224  1.738  1.852    0.225    0.275    0.348    0.362    0.345    0.313	0.261	 0.248  5.350  4.975  4.580  4.311  0.376  0.395  0.663
1.30 -2.3152  1.0000   5.342  5.396  5.020  4.702  4.341  3.804  3.296  3.184  0.323  0.377  0.318  0.678  1.216  1.723  1.836    0.240    0.291    0.365    0.380    0.363    0.331	0.278	 0.264  5.417  5.034  4.638  4.371  0.383  0.396  0.663
1.30 -2.3152  1.1220   5.429  5.459  5.029  4.685  4.305  3.748  3.236  3.124  0.400  0.429  0.344  0.724  1.281  1.793  1.905    0.258    0.307    0.366    0.372    0.349    0.313	0.262	 0.249  5.483  5.045  4.617  4.336  0.438  0.428  0.709
1.30 -2.3152  1.2589   5.549  5.529  5.002  4.605  4.185  3.580  3.044  2.928  0.547  0.527  0.396  0.817  1.422  1.958  2.074    0.286    0.325    0.355    0.343    0.310    0.266	0.218	 0.206  5.560  5.020  4.528  4.218  0.541  0.491  0.801
1.30 -2.3152  1.4125   5.797  5.802  5.335  4.973  4.583  4.012  3.505  3.397  0.462  0.468  0.361  0.752  1.323  1.829  1.937    0.357    0.416    0.479    0.479    0.445    0.393	0.331	 0.316  5.829  5.352  4.902  4.615  0.477  0.450  0.737
1.30 -2.3152  1.5849   5.869  5.869  5.390  5.026  4.633  4.061  3.560  3.455  0.478  0.479  0.365  0.757  1.329  1.830  1.936    0.380    0.440    0.502    0.500    0.464    0.410	0.347	 0.332  5.896  5.408  4.954  4.666  0.487  0.454  0.743
1.30 -2.3152  1.7783   5.989  5.988  5.496  5.125  4.728  4.154  3.655  3.551  0.493  0.492  0.370  0.768  1.342  1.841  1.945    0.423    0.489    0.550    0.545    0.504    0.444	0.376	 0.360  6.016  5.514  5.053  4.761  0.501  0.461  0.753
1.30 -2.3152  1.9953   6.128  6.130  5.640  5.272  4.877  4.308  3.815  3.712  0.488  0.491  0.367  0.763  1.331  1.825  1.928    0.478    0.555    0.626    0.622    0.575    0.510	0.434	 0.417  6.158  5.659  5.201  4.911  0.499  0.458  0.748
1.30 -2.3152  2.2387   6.236  6.241  5.745  5.376  4.979  4.412  3.921  3.819  0.492  0.497  0.369  0.765  1.332  1.824  1.925    0.526    0.612    0.686    0.681    0.629    0.558	0.476	 0.458  6.269  5.764  5.304  5.014  0.505  0.460  0.750
1.30 -2.3152  2.5119   6.344  6.362  5.874  5.512  5.121  4.565  4.083  3.983  0.470  0.488  0.362  0.752  1.309  1.791  1.890    0.578    0.680    0.769    0.768    0.714    0.639	0.550	 0.530  6.388  5.894  5.442  5.156  0.495  0.452  0.738
1.30 -2.3152  2.8184   6.446  6.472  5.975  5.610  5.218  4.664  4.184  4.086  0.470  0.497  0.366  0.758  1.312  1.791  1.889    0.633    0.750    0.841    0.838    0.778    0.698	0.602	 0.580  6.499  5.996  5.540  5.253  0.503  0.456  0.743
1.30 -2.3152  3.1623   6.535  6.571  6.069  5.702  5.310  4.760  4.284  4.188  0.465  0.502  0.367  0.759  1.309  1.785  1.881    0.684    0.819    0.914    0.909    0.843    0.760	0.658	 0.635  6.598  6.090  5.632  5.346  0.508  0.459  0.745
1.30 -2.3152  3.5481   6.626  6.672  6.160  5.789  5.395  4.847  4.374  4.279  0.466  0.512  0.371  0.765  1.313  1.786  1.881    0.741    0.895    0.989    0.980    0.908    0.820	0.711	 0.687  6.699  6.182  5.719  5.431  0.518  0.463  0.751
1.30 -2.3152  3.9811   6.733  6.787  6.262  5.887  5.490  4.943  4.471  4.376  0.470  0.525  0.376  0.773  1.320  1.791  1.886    0.814    0.991    1.083    1.069    0.987    0.892	0.775	 0.749  6.815  6.285  5.816  5.527  0.530  0.469  0.758
1.30 -2.3152  4.4668   6.842  6.905  6.371  5.992  5.593  5.048  4.579  4.485  0.471  0.534  0.379  0.778  1.323  1.793  1.886    0.897    1.100    1.192    1.172    1.081    0.979	0.852	 0.825  6.934  6.395  5.921  5.631  0.539  0.474  0.764
1.30 -2.3152  5.0119   6.949  7.019  6.478  6.095  5.694  5.154  4.687  4.595  0.471  0.541  0.383  0.784  1.324  1.791  1.883    0.986    1.217    1.311    1.284    1.182    1.075	0.938	 0.909  7.048  6.502  6.024  5.733  0.546  0.478  0.769
1.30 -2.3152  5.6234   7.041  7.118  6.569  6.182  5.778  5.242  4.777  4.686  0.472  0.549  0.387  0.791  1.327  1.792  1.883    1.069    1.328    1.420    1.386    1.272    1.162	1.015	 0.985  7.148  6.594  6.111  5.818  0.553  0.483  0.776
1.30 -2.3152  6.3096   7.150  7.231  6.674  6.282  5.875  5.342  4.878  4.787  0.476  0.557  0.392  0.799  1.331  1.796  1.886    1.178    1.470    1.559    1.515    1.387    1.270	1.111	 1.078  7.262  6.700  6.211  5.916  0.562  0.489  0.784
1.30 -2.3152  7.0795   7.243  7.327  6.762  6.366  5.957  5.427  4.964  4.874  0.481  0.565  0.396  0.805  1.335  1.798  1.888    1.280    1.600    1.686    1.633    1.492    1.369	1.199	 1.164  7.358  6.789  6.295  5.999  0.569  0.494  0.790
1.30 -2.3152  7.9433   7.338  7.422  6.849  6.449  6.037  5.507  5.044  4.955  0.489  0.573  0.400  0.812  1.342  1.805  1.894    1.392    1.742    1.820    1.756    1.600    1.468	1.286	 1.250  7.454  6.876  6.377  6.080  0.578  0.499  0.796
1.30 -2.3152  8.9125   7.435  7.522  6.943  6.541  6.128  5.600  5.138  5.050  0.492  0.579  0.402  0.815  1.344  1.805  1.894    1.517    1.904    1.979    1.905    1.735    1.594	1.398	 1.359  7.555  6.971  6.470  6.172  0.583  0.502  0.799
1.30 -2.3152 10.0000   7.548  7.637  7.056  6.653  6.242  5.718  5.259  5.172  0.492  0.580  0.403  0.814  1.338  1.797  1.884    1.680    2.109    2.190    2.106    1.922    1.773	1.559	 1.517  7.669  7.085  6.583  6.288  0.584  0.502  0.797
1.30 -2.3152 11.2202   7.605  7.686  7.098  6.691  6.279  5.752  5.290  5.202  0.507  0.588  0.406  0.819  1.346  1.807  1.895    1.764    2.200    2.268    2.176    1.982    1.823	1.599	 1.556  7.719  7.127  6.621  6.325  0.592  0.505  0.802
1.30 -2.3152 12.5893   7.682  7.761  7.177  6.771  6.359  5.835  5.374  5.286  0.505  0.584  0.406  0.818  1.342  1.803  1.891    1.882    2.342    2.424    2.326    2.119    1.955	1.715	 1.669  7.795  7.207  6.702  6.406  0.588  0.504  0.800
1.30 -2.3152 14.1254   7.815  7.894  7.314  6.909  6.499  5.978  5.519  5.433  0.501  0.580  0.405  0.815  1.336  1.794  1.881    2.107    2.623    2.724    2.617    2.388    2.210	1.944	 1.894  7.928  7.345  6.842  6.548  0.583  0.503  0.797
1.30 -2.3152 15.8489   7.901  7.974  7.395  6.990  6.580  6.059  5.600  5.513  0.505  0.578  0.405  0.815  1.337  1.796  1.882    2.259    2.797    2.909    2.794    2.549    2.359	2.073	 2.020  8.008  7.427  6.924  6.630  0.581  0.502  0.796
1.30 -2.3152 17.7828   7.958  8.030  7.456  7.050  6.639  6.115  5.653  5.566  0.502  0.574  0.406  0.817  1.341  1.803  1.890    2.353    2.911    3.039    2.916    2.659    2.454	2.152	 2.095  8.065  7.488  6.985  6.690  0.577  0.503  0.797
1.30 -1.7129  0.0631   3.178  3.662  3.704  3.668  3.618  3.495  3.303  3.268 -0.526 -0.042  0.036  0.086  0.209  0.401  0.436    0.037    0.067    0.124    0.167    0.213    0.284	0.319	 0.326  3.667  3.702  3.660  3.624 -0.035  0.042  0.078
1.30 -1.7129  0.0708   3.280  3.748  3.783  3.742  3.687  3.556  3.357  3.321 -0.503 -0.035  0.041  0.096  0.227  0.425  0.462    0.041    0.072    0.132    0.178    0.225    0.298	0.333	 0.340  3.753  3.781  3.733  3.693 -0.028  0.048  0.088
1.30 -1.7129  0.0794   3.372  3.818  3.844  3.797  3.735  3.593  3.389  3.352 -0.472 -0.025  0.046  0.109  0.250  0.455  0.491    0.044    0.077    0.140    0.187    0.235    0.308	0.342	 0.349  3.824  3.842  3.787  3.742 -0.019  0.055  0.101
1.30 -1.7129  0.0891   3.457  3.885  3.900  3.846  3.774  3.618  3.402  3.363 -0.442 -0.014  0.053  0.126  0.282  0.498  0.536    0.047    0.081    0.146    0.194    0.242    0.313	0.344	 0.351  3.891  3.899  3.834  3.782 -0.008  0.065  0.117
1.30 -1.7129  0.1000   3.556  3.965  3.968  3.908  3.826  3.655  3.428  3.388 -0.412 -0.003  0.061  0.142  0.313  0.540  0.580    0.052    0.087    0.155    0.204    0.252    0.323	0.351	 0.357  3.970  3.968  3.894  3.835  0.002  0.074  0.134
1.30 -1.7129  0.1122   3.604  3.875  3.595  3.292  2.938  2.360  1.796  1.680  0.009  0.280  0.303  0.657  1.235  1.799  1.915    0.054    0.080    0.109    0.115    0.111    0.097	0.078	 0.074  3.896  3.603  3.230  2.964  0.294  0.373  0.639
1.30 -1.7129  0.1259   3.709  3.947  3.638  3.316  2.945  2.346  1.769  1.649  0.071  0.309  0.322  0.693  1.291  1.869  1.988    0.059    0.085    0.113    0.117    0.111    0.096	0.075	 0.071  3.970  3.646  3.251  2.972  0.324  0.395  0.674
1.30 -1.7129  0.1413   3.806  4.018  3.695  3.366  2.987  2.378  1.793  1.671  0.111  0.323  0.329  0.708  1.317  1.902  2.024    0.064    0.090    0.119    0.122    0.115    0.098	0.077	 0.072  4.042  3.704  3.299  3.015  0.338  0.405  0.689
1.30 -1.7129  0.1585   3.908  4.093  3.748  3.405  3.014  2.389  1.794  1.669  0.160  0.345  0.343  0.734  1.359  1.954  2.079    0.070    0.096    0.124    0.126    0.117    0.098	0.076	 0.072  4.118  3.757  3.336  3.043  0.360  0.421  0.715
1.30 -1.7129  0.1778   4.005  4.168  3.810  3.461  3.063  2.427  1.825  1.697  0.194  0.358  0.350  0.748  1.384  1.986  2.113    0.076    0.102    0.131    0.132    0.122    0.101	0.078	 0.073  4.194  3.821  3.391  3.092  0.373  0.430  0.729
1.30 -1.7129  0.1995   4.100  4.245  3.871  3.511  3.103  2.454  1.842  1.711  0.229  0.374  0.360  0.768  1.417  2.029  2.160    0.083    0.109    0.137    0.137    0.126    0.103	0.079	 0.074  4.271  3.882  3.440  3.133  0.389  0.442  0.749
1.30 -1.7129  0.2239   4.204  4.340  3.967  3.609  3.200  2.549  1.934  1.802  0.237  0.373  0.358  0.767  1.418  2.033  2.165    0.090    0.119    0.149    0.149    0.137    0.112	0.085	 0.080  4.366  3.978  3.538  3.230  0.388  0.440  0.748
1.30 -1.7129  0.2512   4.293  4.422  4.055  3.702  3.298  2.651  2.039  1.906  0.238  0.367  0.352  0.756  1.404  2.015  2.148    0.098    0.127    0.161    0.162    0.149    0.122	0.094	 0.087  4.446  4.066  3.633  3.329  0.381  0.433  0.737
1.30 -1.7129  0.2818   4.386  4.512  4.156  3.812  3.415  2.775  2.167  2.034  0.230  0.356  0.343  0.741  1.381  1.989  2.122    0.106    0.137    0.175    0.178    0.165    0.137	0.105	 0.098  4.536  4.167  3.744  3.445  0.368  0.423  0.722
1.30 -1.7129  0.3162   4.488  4.618  4.276  3.945  3.560  2.935  2.338  2.206  0.212  0.342  0.331  0.716  1.341  1.939  2.070    0.115    0.151    0.195    0.200    0.187    0.157	0.122	 0.114  4.640  4.288  3.879  3.590  0.352  0.408  0.698
1.30 -1.7129  0.3548   4.578  4.697  4.348  4.015  3.629  3.007  2.412  2.282  0.230  0.349  0.333  0.719  1.341  1.936  2.066    0.125    0.161    0.207    0.212    0.198    0.167	0.130	 0.121  4.719  4.360  3.948  3.659  0.360  0.412  0.701
1.30 -1.7129  0.3981   4.679  4.786  4.427  4.091  3.703  3.082  2.490  2.360  0.252  0.359  0.337  0.724  1.345  1.938  2.067    0.136    0.174    0.222    0.227    0.211    0.178	0.139	 0.130  4.809  4.440  4.024  3.734  0.369  0.416  0.706
1.30 -1.7129  0.4467   4.784  4.879  4.514  4.175  3.786  3.165  2.573  2.444  0.270  0.365  0.339  0.728  1.349  1.941  2.070    0.149    0.189    0.239    0.244    0.227    0.191	0.149	 0.139  4.901  4.527  4.108  3.816  0.375  0.419  0.710
1.30 -1.7129  0.5012   4.886  4.975  4.614  4.281  3.898  3.291  2.708  2.580  0.272  0.361  0.333  0.716  1.323  1.906  2.034    0.163    0.205    0.260    0.267    0.250    0.214	0.168	 0.157  4.997  4.627  4.215  3.929  0.370  0.412  0.698
1.30 -1.7129  0.5623   4.994  5.067  4.695  4.359  3.974  3.368  2.787  2.660  0.298  0.372  0.336  0.721  1.327  1.908  2.035    0.179    0.222    0.279    0.286    0.267    0.228	0.179	 0.168  5.089  4.709  4.292  4.005  0.380  0.417  0.704
1.30 -1.7129  0.6310   5.126  5.180  4.789  4.445  4.055  3.444  2.863  2.736  0.337  0.391  0.344  0.734  1.345  1.926  2.052    0.201    0.245    0.303    0.307    0.286    0.243	0.191	 0.180  5.202  4.803  4.377  4.086  0.399  0.426  0.717
1.30 -1.7129  0.7079   5.245  5.287  4.889  4.548  4.164  3.563  2.995  2.872  0.355  0.398  0.341  0.725  1.326  1.895  2.018    0.223    0.269    0.330    0.336    0.314    0.270	0.215	 0.202  5.310  4.904  4.481  4.196  0.406  0.423  0.709
1.30 -1.7129  0.7943   5.356  5.382  4.968  4.620  4.233  3.629  3.065  2.944  0.388  0.414  0.348  0.735  1.339  1.903  2.024    0.246    0.292    0.353    0.357    0.333    0.286	0.228	 0.215  5.405  4.983  4.551  4.264  0.422  0.432  0.719
1.30 -1.7129  0.8913   5.475  5.486  5.058  4.704  4.313  3.708  3.149  3.030  0.418  0.428  0.354  0.745  1.350  1.909  2.027    0.273    0.319    0.382    0.384    0.357    0.306	0.245	 0.232  5.510  5.074  4.635  4.345  0.436  0.439  0.729
1.30 -1.7129  1.0000   5.584  5.586  5.147  4.794  4.404  3.802  3.253  3.139  0.437  0.439  0.353  0.744  1.345  1.894  2.009    0.300    0.349    0.412    0.415    0.386    0.332	0.268	 0.255  5.610  5.164  4.725  4.436  0.446  0.439  0.728
1.30 -1.7129  1.1220   5.662  5.645  5.169  4.799  4.394  3.779  3.225  3.110  0.492  0.476  0.370  0.775  1.391  1.945  2.059    0.321    0.366    0.418    0.415    0.381    0.323	0.260	 0.247  5.672  5.187  4.727  4.428  0.485  0.460  0.759
1.30 -1.7129  1.2589   5.741  5.687  5.154  4.753  4.325  3.684  3.115  2.998  0.587  0.533  0.401  0.829  1.470  2.039  2.156    0.344    0.379    0.411    0.396    0.355    0.294	0.234	 0.222  5.719  5.173  4.675  4.359  0.546  0.497  0.813
1.30 -1.7129  1.4125   6.002  5.939  5.437  5.055  4.644  4.023  3.470  3.357  0.564  0.502  0.382  0.793  1.415  1.968  2.080    0.434    0.474    0.529    0.519    0.473    0.399	0.322	 0.306  5.968  5.456  4.981  4.678  0.512  0.475  0.777
1.30 -1.7129  1.5849   6.101  6.032  5.517  5.131  4.718  4.098  3.548  3.437  0.583  0.515  0.386  0.799  1.419  1.969  2.081    0.473    0.514    0.566    0.553    0.504    0.426	0.344	 0.328  6.061  5.537  5.057  4.753  0.525  0.480  0.783
1.30 -1.7129  1.7783   6.201  6.130  5.597  5.203  4.786  4.166  3.618  3.508  0.604  0.533  0.394  0.811  1.431  1.979  2.089    0.516    0.559    0.607    0.589    0.534    0.451	0.365	 0.348  6.160  5.617  5.128  4.822  0.543  0.489  0.795
1.30 -1.7129  1.9953   6.310  6.238  5.693  5.295  4.877  4.260  3.717  3.608  0.617  0.545  0.398  0.817  1.433  1.976  2.085    0.568    0.615    0.660    0.638    0.578    0.490	0.398	 0.380  6.269  5.714  5.219  4.912  0.556  0.495  0.801
1.30 -1.7129  2.2387   6.417  6.348  5.795  5.395  4.976  4.362  3.821  3.713  0.622  0.552  0.400  0.819  1.433  1.974  2.082    0.624    0.678    0.722    0.696    0.630    0.535	0.436	 0.417  6.379  5.817  5.319  5.012  0.563  0.497  0.804
1.30 -1.7129  2.5119   6.526  6.461  5.909  5.511  5.095  4.487  3.952  3.846  0.617  0.552  0.398  0.814  1.422  1.957  2.063    0.686    0.749    0.798    0.771    0.700    0.598	0.490	 0.469  6.493  5.931  5.436  5.132  0.562  0.495  0.799
1.30 -1.7129  2.8184   6.609  6.549  5.999  5.603  5.189  4.587  4.056  3.950  0.611  0.550  0.396  0.810  1.412  1.943  2.048    0.738    0.808    0.862    0.835    0.759    0.652	0.536	 0.514  6.580  6.021  5.528  5.226  0.560  0.492  0.795
1.30 -1.7129  3.1623   6.736  6.677  6.118  5.721  5.306  4.709  4.183  4.080  0.618  0.559  0.398  0.812  1.409  1.935  2.038    0.826    0.906    0.959    0.927    0.843    0.727	0.601	 0.576  6.709  6.141  5.646  5.344  0.568  0.495  0.797
1.30 -1.7129  3.5481   6.859  6.804  6.234  5.833  5.416  4.822  4.299  4.197  0.625  0.570  0.402  0.818  1.412  1.935  2.038    0.921    1.014    1.063    1.024    0.929    0.804	0.666	 0.639  6.836  6.258  5.758  5.454  0.579  0.500  0.803
1.30 -1.7129  3.9811   6.972  6.923  6.346  5.941  5.523  4.935  4.417  4.316  0.627  0.577  0.405  0.823  1.410  1.929  2.030    1.018    1.127    1.173    1.126    1.021    0.888	0.739	 0.711  6.956  6.370  5.866  5.562  0.586  0.504  0.808
1.30 -1.7129  4.4668   7.084  7.040  6.456  6.048  5.629  5.047  4.532  4.432  0.628  0.584  0.408  0.827  1.409  1.924  2.024    1.124    1.249    1.293    1.239    1.121    0.981	0.819	 0.788  7.073  6.481  5.973  5.669  0.592  0.508  0.812
1.30 -1.7129  5.0119   7.183  7.149  6.559  6.148  5.728  5.152  4.641  4.543  0.625  0.590  0.410  0.830  1.407  1.917  2.015    1.227    1.376    1.416    1.353    1.224    1.076	0.902	 0.869  7.183  6.584  6.073  5.769  0.599  0.511  0.815
1.30 -1.7129  5.6234   7.284  7.256  6.655  6.240  5.817  5.242  4.733  4.636  0.629  0.601  0.415  0.838  1.413  1.922  2.019    1.341    1.513    1.542    1.467    1.323    1.165	0.978	 0.944  7.291  6.681  6.165  5.859  0.610  0.516  0.822
1.30 -1.7129  6.3096   7.375  7.365  6.756  6.339  5.915  5.342  4.836  4.740  0.619  0.609  0.418  0.842  1.414  1.920  2.016    1.454    1.667    1.687    1.601    1.443    1.274	1.072	 1.035  7.400  6.783  6.264  5.957  0.617  0.520  0.826
1.30 -1.7129  7.0795   7.457  7.459  6.841  6.420  5.996  5.425  4.921  4.827  0.616  0.618  0.421  0.846  1.417  1.920  2.015    1.562    1.811    1.817    1.720    1.549    1.369	1.155	 1.117  7.495  6.869  6.346  6.039  0.626  0.523  0.830
1.30 -1.7129  7.9433   7.550  7.551  6.924  6.500  6.074  5.503  5.001  4.908  0.626  0.627  0.424  0.851  1.422  1.923  2.016    1.697    1.966    1.955    1.844    1.658    1.466	1.239	 1.199  7.589  6.952  6.425  6.118  0.636  0.527  0.835
1.30 -1.7129  8.9125   7.645  7.643  7.009  6.582  6.155  5.585  5.086  4.993  0.636  0.635  0.427  0.854  1.424  1.923  2.015    1.844    2.133    2.106    1.982    1.781    1.576	1.335	 1.293  7.682  7.038  6.507  6.200  0.644  0.530  0.838
1.30 -1.7129 10.0000   7.752  7.752  7.114  6.687  6.261  5.694  5.200  5.109  0.637  0.637  0.428  0.854  1.420  1.914  2.006    2.029    2.349    2.314    2.177    1.957    1.738	1.479	 1.434  7.790  7.144  6.613  6.307  0.646  0.531  0.837
1.30 -1.7129 11.2202   7.836  7.835  7.192  6.763  6.336  5.771  5.279  5.188  0.644  0.643  0.430  0.857  1.422  1.914  2.004    2.187    2.529    2.479    2.328    2.092    1.859	1.585	 1.538  7.874  7.223  6.690  6.383  0.652  0.533  0.839
1.30 -1.7129 12.5893   7.922  7.919  7.272  6.842  6.415  5.851  5.361  5.272  0.649  0.646  0.431  0.858  1.421  1.911  2.001    2.354    2.717    2.655    2.490    2.237    1.991	1.701	 1.652  7.958  7.303  6.770  6.463  0.655  0.534  0.840
1.30 -1.7129 14.1254   8.008  8.001  7.360  6.932  6.507  5.950  5.463  5.374  0.648  0.641  0.429  0.853  1.410  1.897  1.986    2.526    2.905    2.853    2.680    2.415    2.162	1.853	 1.800  8.041  7.392  6.861  6.557  0.649  0.531  0.835
1.30 -1.7129 15.8489   8.087  8.077  7.440  7.012  6.587  6.032  5.546  5.456  0.647  0.637  0.428  0.853  1.408  1.894  1.984    2.692    3.087    3.042    2.859    2.576    2.310	1.980	 1.923  8.117  7.472  6.942  6.639  0.645  0.530  0.834
1.30 -1.7129 17.7828   8.173  8.152  7.528  7.103  6.681  6.127  5.640  5.550  0.645  0.624  0.425  0.847  1.401  1.888  1.978    2.879    3.270    3.259    3.072    2.773    2.491	2.133	 2.071  8.192  7.560  7.035  6.733  0.632  0.525  0.827
1.30 -1.3146  0.0631   3.191  3.584  3.535  3.436  3.308  3.050  2.761  2.711 -0.345  0.049  0.100  0.227  0.485  0.775  0.825    0.038    0.063    0.106    0.135    0.160    0.189	0.194	 0.195  3.592  3.537  3.413  3.321  0.054  0.125  0.217
1.30 -1.3146  0.0708   3.282  3.664  3.614  3.517  3.393  3.143  2.864  2.816 -0.333  0.050  0.097  0.221  0.471  0.750  0.799    0.041    0.067    0.114    0.145    0.172    0.204	0.212	 0.214  3.671  3.617  3.495  3.405  0.055  0.122  0.211
1.30 -1.3146  0.0794   3.387  3.759  3.699  3.595  3.465  3.207  2.926  2.877 -0.312  0.060  0.103  0.234  0.491  0.772  0.821    0.045    0.073    0.122    0.155    0.183    0.216	0.224	 0.225  3.766  3.701  3.571  3.477  0.065  0.130  0.224
1.30 -1.3146  0.0891   3.485  3.842  3.769  3.658  3.519  3.251  2.963  2.913 -0.285  0.073  0.111  0.250  0.519  0.807  0.857    0.049    0.078    0.130    0.164    0.192    0.224	0.230	 0.232  3.850  3.773  3.633  3.533  0.077  0.140  0.240
1.30 -1.3146  0.1000   3.586  3.930  3.848  3.732  3.586  3.311  3.019  2.966 -0.262  0.082  0.116  0.262  0.537  0.830  0.882    0.053    0.085    0.139    0.174    0.203    0.235	0.241	 0.243  3.937  3.852  3.705  3.600  0.085  0.147  0.252
1.30 -1.3146  0.1122   3.675  3.930  3.630  3.308  2.930  2.298  1.688  1.556  0.046  0.301  0.322  0.699  1.332  1.942  2.074    0.057    0.084    0.113    0.117    0.110    0.092	0.070	 0.066  3.951  3.639  3.243  2.959  0.312  0.396  0.680
1.30 -1.3146  0.1259   3.773  4.015  3.702  3.373  2.989  2.348  1.732  1.598  0.071  0.313  0.329  0.713  1.354  1.970  2.104    0.063    0.091    0.120    0.124    0.116    0.096	0.073	 0.068  4.036  3.713  3.308  3.019  0.324  0.404  0.693
1.30 -1.3146  0.1413   3.873  4.100  3.766  3.423  3.025  2.363  1.734  1.596  0.107  0.333  0.344  0.741  1.403  2.032  2.170    0.068    0.097    0.127    0.129    0.119    0.097	0.073	 0.068  4.122  3.778  3.356  3.056  0.345  0.422  0.722
1.30 -1.3146  0.1585   3.973  4.185  3.826  3.462  3.043  2.351  1.702  1.558  0.148  0.359  0.364  0.783  1.475  2.124  2.268    0.074    0.105    0.133    0.133    0.120    0.095	0.070	 0.065  4.209  3.838  3.392  3.076  0.371  0.446  0.762
1.30 -1.3146  0.1778   4.085  4.288  3.923  3.553  3.127  2.420  1.762  1.615  0.162  0.366  0.370  0.796  1.502  2.161  2.308    0.082    0.115    0.145    0.144    0.129    0.101	0.074	 0.068  4.313  3.935  3.482  3.160  0.378  0.453  0.775
1.30 -1.3146  0.1995   4.188  4.384  4.024  3.661  3.238  2.530  1.872  1.724  0.163  0.360  0.363  0.787  1.494  2.152  2.300    0.090    0.124    0.158    0.158    0.142    0.111	0.081	 0.075  4.408  4.037  3.591  3.271  0.371  0.446  0.766
1.30 -1.3146  0.2239   4.299  4.487  4.139  3.785  3.368  2.663  2.006  1.857  0.160  0.348  0.354  0.771  1.477  2.134  2.283    0.099    0.136    0.175    0.176    0.160    0.125	0.091	 0.084  4.510  4.152  3.717  3.401  0.358  0.434  0.751
1.30 -1.3146  0.2512   4.386  4.564  4.232  3.892  3.488  2.798  2.151  2.003  0.154  0.332  0.339  0.744  1.434  2.081  2.228    0.107    0.145    0.190    0.193    0.177    0.141	0.104	 0.096  4.585  4.244  3.827  3.520  0.341  0.417  0.724
1.30 -1.3146  0.2818   4.476  4.640  4.314  3.981  3.583  2.900  2.256  2.110  0.162  0.326  0.333  0.732  1.415  2.058  2.205    0.115    0.155    0.204    0.209    0.193    0.154	0.114	 0.105  4.661  4.326  3.917  3.615  0.334  0.410  0.712
1.30 -1.3146  0.3162   4.557  4.709  4.401  4.082  3.694  3.023  2.384  2.237  0.156  0.308  0.320  0.707  1.378  2.017  2.164    0.123    0.164    0.219    0.228    0.212    0.171	0.127	 0.117  4.728  4.413  4.019  3.726  0.315  0.394  0.687
1.30 -1.3146  0.3548   4.647  4.787  4.482  4.171  3.794  3.142  2.515  2.371  0.165  0.304  0.311  0.688  1.340  1.967  2.111    0.133    0.176    0.235    0.246    0.231    0.190	0.143	 0.132  4.805  4.494  4.110  3.825  0.311  0.384  0.669
1.30 -1.3146  0.3981   4.747  4.866  4.549  4.234  3.854  3.204  2.580  2.437  0.199  0.318  0.315  0.694  1.345  1.968  2.112    0.145    0.188    0.249    0.259    0.244    0.200	0.151	 0.140  4.885  4.561  4.172  3.886  0.324  0.389  0.675
1.30 -1.3146  0.4467   4.856  4.953  4.623  4.304  3.922  3.271  2.648  2.505  0.232  0.330  0.319  0.701  1.352  1.975  2.118    0.160    0.202    0.265    0.275    0.258    0.212	0.160	 0.148  4.972  4.636  4.242  3.954  0.335  0.394  0.682
1.30 -1.3146  0.5012   4.991  5.068  4.726  4.402  4.020  3.371  2.757  2.617  0.265  0.342  0.324  0.707  1.355  1.970  2.110    0.180    0.224    0.289    0.300    0.280    0.231	0.176	 0.163  5.088  4.740  4.339  4.051  0.348  0.401  0.688
1.30 -1.3146  0.5623   5.115  5.169  4.807  4.473  4.083  3.430  2.819  2.681  0.309  0.362  0.334  0.723  1.377  1.988  2.125    0.201    0.245    0.310    0.318    0.296    0.242	0.185	 0.172  5.190  4.821  4.408  4.116  0.368  0.413  0.705
1.30 -1.3146  0.6310   5.245  5.284  4.897  4.554  4.154  3.493  2.882  2.747  0.348  0.387  0.344  0.743  1.404  2.015  2.150    0.225    0.270    0.335    0.341    0.314    0.256	0.195	 0.182  5.306  4.912  4.487  4.187  0.394  0.425  0.725
1.30 -1.3146  0.7079   5.378  5.398  5.002  4.658  4.261  3.606  3.003  2.870  0.376  0.397  0.343  0.741  1.396  1.999  2.131    0.253    0.299    0.367    0.373    0.345    0.282	0.217	 0.203  5.420  5.017  4.591  4.294  0.403  0.426  0.723
1.30 -1.3146  0.7943   5.500  5.498  5.086  4.738  4.337  3.681  3.080  2.948  0.414  0.412  0.348  0.748  1.405  2.006  2.137    0.282    0.326    0.395    0.399    0.368    0.301	0.232	 0.217  5.520  5.102  4.670  4.371  0.419  0.432  0.731
1.30 -1.3146  0.8913   5.629  5.605  5.177  4.823  4.419  3.760  3.161  3.030  0.452  0.428  0.354  0.758  1.417  2.016  2.148    0.316    0.358    0.427    0.430    0.395    0.322	0.249	 0.232  5.628  5.193  4.754  4.453  0.435  0.439  0.741
1.30 -1.3146  1.0000   5.744  5.700  5.259  4.901  4.497  3.843  3.251  3.122  0.485  0.441  0.358  0.761  1.416  2.008  2.137    0.349    0.389    0.458    0.460    0.422    0.346	0.269	 0.252  5.724  5.276  4.832  4.531  0.449  0.444  0.744
1.30 -1.3146  1.1220   5.850  5.788  5.332  4.969  4.563  3.909  3.319  3.192  0.518  0.456  0.363  0.769  1.423  2.013  2.140    0.383    0.419    0.488    0.487    0.446    0.365	0.285	 0.267  5.813  5.349  4.899  4.597  0.464  0.450  0.752
1.30 -1.3146  1.2589   5.917  5.829  5.323  4.934  4.509  3.837  3.241  3.113  0.594  0.506  0.389  0.814  1.486  2.083  2.210    0.406    0.433    0.482    0.469    0.422    0.340	0.264	 0.247  5.857  5.342  4.860  4.544  0.515  0.482  0.798
1.30 -1.3146  1.4125   6.089  5.967  5.420  5.004  4.555  3.858  3.241  3.108  0.669  0.546  0.416  0.865  1.563  2.180  2.312    0.472    0.488    0.523    0.497    0.437    0.344	0.262	 0.244  5.999  5.440  4.926  4.592  0.559  0.514  0.848
1.30 -1.3146  1.5849   6.241  6.126  5.594  5.193  4.762  4.095  3.503  3.377  0.647  0.532  0.401  0.832  1.499  2.091  2.217    0.539    0.561    0.609    0.588    0.526    0.426	0.331	 0.311  6.156  5.614  5.118  4.799  0.542  0.496  0.815
1.30 -1.3146  1.7783   6.358  6.245  5.692  5.285  4.852  4.186  3.599  3.475  0.666  0.553  0.407  0.840  1.506  2.093  2.217    0.597    0.623    0.664    0.636    0.568    0.461	0.360	 0.339  6.277  5.713  5.208  4.889  0.564  0.504  0.824
1.30 -1.3146  1.9953   6.486  6.370  5.791  5.374  4.934  4.266  3.679  3.556  0.695  0.579  0.417  0.857  1.525  2.112  2.235    0.669    0.696    0.724    0.687    0.610    0.494	0.386	 0.363  6.404  5.813  5.296  4.972  0.591  0.517  0.841
1.30 -1.3146  2.2387   6.597  6.484  5.893  5.473  5.033  4.372  3.791  3.670  0.704  0.591  0.420  0.860  1.522  2.103  2.224    0.738    0.770    0.792    0.749    0.665    0.541	0.425	 0.401  6.518  5.915  5.394  5.071  0.603  0.521  0.845
1.30 -1.3146  2.5119   6.712  6.604  6.011  5.591  5.152  4.499  3.924  3.804  0.700  0.593  0.420  0.859  1.512  2.087  2.207    0.816    0.856    0.878    0.831    0.739    0.606	0.478	 0.452  6.639  6.034  5.513  5.191  0.605  0.521  0.843
1.30 -1.3146  2.8184   6.797  6.694  6.103  5.683  5.245  4.595  4.020  3.900  0.694  0.591  0.419  0.857  1.508  2.083  2.203    0.878    0.924    0.950    0.901    0.801    0.658	0.520	 0.491  6.728  6.126  5.606  5.284  0.602  0.520  0.842
1.30 -1.3146  3.1623   6.919  6.818  6.220  5.798  5.360  4.718  4.149  4.032  0.699  0.598  0.422  0.860  1.502  2.071  2.189    0.978    1.033    1.055    0.997    0.887    0.734	0.583	 0.552  6.853  6.244  5.720  5.400  0.609  0.523  0.844
1.30 -1.3146  3.5481   7.039  6.942  6.334  5.908  5.469  4.830  4.264  4.147  0.705  0.608  0.426  0.866  1.504  2.071  2.187    1.089    1.153    1.167    1.100    0.977    0.811	0.646	 0.612  6.978  6.359  5.830  5.509  0.619  0.528  0.850
1.30 -1.3146  3.9811   7.146  7.057  6.438  6.007  5.565  4.930  4.367  4.252  0.708  0.620  0.431  0.873  1.508  2.071  2.186    1.197    1.277    1.279    1.199    1.063    0.885	0.707	 0.671  7.094  6.463  5.928  5.606  0.631  0.534  0.857
1.30 -1.3146  4.4668   7.250  7.164  6.533  6.097  5.653  5.019  4.458  4.343  0.717  0.631  0.436  0.880  1.514  2.075  2.190    1.312    1.403    1.390    1.298    1.148    0.958	0.766	 0.727  7.201  6.558  6.018  5.694  0.643  0.540  0.864
1.30 -1.3146  5.0119   7.347  7.279  6.641  6.203  5.758  5.128  4.571  4.457  0.706  0.638  0.438  0.882  1.512  2.070  2.183    1.429    1.554    1.529    1.425    1.260    1.055	0.847	 0.805  7.317  6.666  6.124  5.800  0.650  0.543  0.866
1.30 -1.3146  5.6234   7.453  7.384  6.734  6.292  5.847  5.217  4.663  4.551  0.718  0.650  0.442  0.888  1.517  2.072  2.183    1.570    1.706    1.661    1.541    1.362    1.141	0.918	 0.874  7.424  6.760  6.213  5.889  0.663  0.548  0.872
1.30 -1.3146  6.3096   7.562  7.492  6.832  6.387  5.941  5.314  4.763  4.652  0.730  0.660  0.446  0.891  1.519  2.070  2.180    1.730    1.878    1.812    1.676    1.480    1.242	1.003	 0.956  7.532  6.859  6.308  5.984  0.673  0.552  0.875
1.30 -1.3146  7.0795   7.677  7.604  6.935  6.487  6.041  5.417  4.870  4.762  0.741  0.669  0.449  0.895  1.518  2.065  2.174    1.915    2.074    1.985    1.831    1.617    1.362	1.104	 1.054  7.645  6.963  6.408  6.084  0.682  0.555  0.878
1.30 -1.3146  7.9433   7.772  7.696  7.017  6.564  6.117  5.494  4.950  4.843  0.755  0.679  0.453  0.900  1.523  2.067  2.174    2.085    2.250    2.133    1.960    1.729    1.457	1.184	 1.131  7.738  7.045  6.485  6.162  0.694  0.560  0.883
1.30 -1.3146  8.9125   7.871  7.792  7.103  6.647  6.199  5.577  5.036  4.929  0.768  0.688  0.456  0.905  1.526  2.068  2.174    2.277    2.449    2.302    2.109    1.858    1.567	1.277	 1.221  7.835  7.132  6.568  6.244  0.703  0.564  0.888
1.30 -1.3146 10.0000   7.976  7.895  7.200  6.742  6.293  5.674  5.137  5.032  0.776  0.695  0.458  0.907  1.526  2.063  2.168    2.498    2.684    2.508    2.293    2.020    1.708	1.397	 1.338  7.939  7.229  6.663  6.339  0.710  0.566  0.890
1.30 -1.3146 11.2202   8.066  7.981  7.279  6.817  6.367  5.749  5.214  5.111  0.787  0.703  0.462  0.911  1.529  2.064  2.168    2.706    2.899    2.688    2.450    2.156    1.825	1.496	 1.434  8.027  7.308  6.738  6.414  0.719  0.570  0.894
1.30 -1.3146 12.5893   8.171  8.082  7.370  6.905  6.453  5.835  5.301  5.198  0.800  0.711  0.465  0.917  1.536  2.069  2.172    2.974    3.173    2.919    2.652    2.330    1.971	1.617	 1.552  8.128  7.400  6.827  6.501  0.728  0.574  0.899
1.30 -1.3146 14.1254   8.221  8.134  7.420  6.954  6.503  5.887  5.357  5.255  0.801  0.714  0.466  0.917  1.533  2.063  2.165    3.087    3.299    3.028    2.749    2.416    2.050	1.686	 1.620  8.181  7.451  6.876  6.552  0.730  0.574  0.899
1.30 -1.3146 15.8489   8.347  8.259  7.549  7.085  6.636  6.029  5.506  5.405  0.798  0.709  0.464  0.913  1.520  2.044  2.144    3.435    3.666    3.380    3.073    2.707    2.315	1.917	 1.843  8.305  7.581  7.009  6.687  0.725  0.572  0.894
1.30 -1.3146 17.7828   8.402  8.312  7.619  7.159  6.713  6.111  5.588  5.487  0.783  0.693  0.460  0.906  1.508  2.031  2.131    3.581    3.815    3.571    3.260    2.879    2.474	2.050	 1.971  8.357  7.651  7.085  6.765  0.707  0.566  0.886
1.30 -0.7052  0.0631   3.270  3.683  3.616  3.480  3.305  2.952  2.547  2.463 -0.346  0.067  0.135  0.311  0.664  1.069  1.153    0.041    0.069    0.114    0.141    0.160    0.172	0.159	 0.156  3.693  3.617  3.450  3.320  0.076  0.167  0.297
1.30 -0.7052  0.0708   3.370  3.761  3.687  3.551  3.375  3.025  2.628  2.546 -0.317  0.074  0.136  0.312  0.662  1.059  1.141    0.044    0.073    0.122    0.150    0.170    0.184	0.171	 0.167  3.771  3.689  3.520  3.391  0.082  0.169  0.298
1.30 -0.7052  0.0794   3.474  3.846  3.769  3.635  3.464  3.125  2.742  2.663 -0.295  0.077  0.134  0.304  0.644  1.027  1.106    0.048    0.079    0.130    0.161    0.183    0.200	0.189	 0.185  3.856  3.771  3.605  3.479  0.084  0.166  0.292
1.30 -0.7052  0.0891   3.572  3.922  3.837  3.702  3.531  3.193  2.817  2.739 -0.265  0.085  0.135  0.306  0.644  1.020  1.098    0.053    0.084    0.138    0.170    0.194    0.212	0.202	 0.198  3.931  3.840  3.672  3.547  0.091  0.168  0.293
1.30 -0.7052  0.1000   3.663  3.997  3.906  3.769  3.597  3.260  2.888  2.812 -0.242  0.091  0.137  0.309  0.646  1.018  1.094    0.057    0.090    0.147    0.180    0.205    0.225	0.214	 0.211  4.006  3.909  3.739  3.612  0.097  0.170  0.297
1.30 -0.7052  0.1122   3.754  4.068  3.948  3.778  3.548  3.103  2.622  2.510 -0.194  0.121  0.170  0.400  0.845  1.326  1.438    0.062    0.096    0.152    0.181    0.195    0.194	0.167	 0.159  4.079  3.952  3.741  3.568  0.127  0.211  0.384
1.30 -0.7052  0.1259   3.843  4.111  3.888  3.590  3.109  2.302  1.555  1.362 -0.045  0.223  0.298  0.779  1.586  2.333  2.526    0.067    0.099    0.143    0.152    0.130    0.092	0.062	 0.055  4.128  3.897  3.534  3.144  0.231  0.363  0.753
1.30 -0.7052  0.1413   3.941  4.197  3.978  3.688  3.209  2.401  1.654  1.458 -0.038  0.219  0.290  0.769  1.577  2.324  2.521    0.073    0.107    0.155    0.165    0.141    0.100	0.068	 0.060  4.213  3.987  3.634  3.244  0.226  0.354  0.743
1.30 -0.7052  0.1585   4.027  4.270  4.056  3.779  3.316  2.524  1.788  1.592 -0.030  0.214  0.277  0.741  1.532  2.268  2.464    0.078    0.114    0.165    0.178    0.155    0.112	0.076	 0.067  4.285  4.065  3.726  3.350  0.220  0.339  0.716
1.30 -0.7052  0.1778   4.117  4.345  4.141  3.879  3.436  2.665  1.940  1.745 -0.024  0.204  0.263  0.705  1.476  2.201  2.396    0.085    0.121    0.178    0.195    0.173    0.127	0.087	 0.077  4.359  4.150  3.828  3.469  0.209  0.322  0.681
1.30 -0.7052  0.1995   4.222  4.433  4.229  3.978  3.559  2.812  2.106  1.913 -0.007  0.204  0.251  0.670  1.417  2.123  2.316    0.093    0.131    0.192    0.212    0.192    0.144	0.101	 0.089  4.446  4.238  3.929  3.591  0.209  0.309  0.647
1.30 -0.7052  0.2239   4.330  4.522  4.314  4.070  3.669  2.941  2.252  2.060  0.015  0.207  0.244  0.646  1.374  2.063  2.254    0.102    0.141    0.206    0.230    0.212    0.162	0.115	 0.102  4.534  4.323  4.022  3.700  0.211  0.301  0.624
1.30 -0.7052  0.2512   4.456  4.627  4.421  4.187  3.813  3.125  2.467  2.284  0.035  0.206  0.234  0.607  1.296  1.953  2.137    0.114    0.155    0.227    0.255    0.241    0.191	0.140	 0.124  4.639  4.430  4.140  3.843  0.209  0.290  0.587
1.30 -0.7052  0.2818   4.570  4.718  4.495  4.254  3.875  3.187  2.534  2.354  0.075  0.222  0.241  0.620  1.308  1.961  2.141    0.126    0.167    0.242    0.270    0.253    0.201	0.148	 0.132  4.731  4.505  4.205  3.905  0.225  0.300  0.600
1.30 -0.7052  0.3162   4.703  4.823  4.583  4.332  3.947  3.254  2.602  2.425  0.120  0.241  0.251  0.636  1.328  1.981  2.158    0.142    0.184    0.261    0.288    0.269    0.213	0.157	 0.140  4.837  4.593  4.282  3.977  0.244  0.312  0.616
1.30 -0.7052  0.3548   4.845  4.936  4.682  4.424  4.033  3.333  2.679  2.502  0.163  0.254  0.258  0.650  1.349  2.003  2.181    0.161    0.203    0.284    0.312    0.290    0.228	0.167	 0.150  4.950  4.693  4.373  4.064  0.257  0.320  0.629
1.30 -0.7052  0.3981   4.984  5.041  4.775  4.515  4.129  3.441  2.798  2.625  0.209  0.266  0.260  0.646  1.334  1.978  2.150    0.182    0.222    0.308    0.338    0.315    0.250	0.186	 0.167  5.056  4.786  4.463  4.160  0.269  0.323  0.627
1.30 -0.7052  0.4467   5.124  5.143  4.858  4.589  4.195  3.500  2.856  2.683  0.266  0.284  0.269  0.663  1.358  2.003  2.175    0.206    0.243    0.331    0.360    0.334    0.263	0.195	 0.175  5.158  4.870  4.536  4.227  0.288  0.334  0.643
1.30 -0.7052  0.5012   5.267  5.250  4.947  4.669  4.267  3.563  2.916  2.743  0.320  0.303  0.278  0.680  1.384  2.031  2.204    0.234    0.267    0.358    0.386    0.355    0.278	0.205	 0.185  5.266  4.960  4.614  4.299  0.307  0.345  0.660
1.30 -0.7052  0.5623   5.400  5.354  5.032  4.745  4.335  3.623  2.974  2.800  0.368  0.321  0.287  0.697  1.409  2.059  2.233    0.263    0.292    0.385    0.412    0.376    0.292	0.215	 0.193  5.371  5.045  4.689  4.368  0.325  0.357  0.677
1.30 -0.7052  0.6310   5.533  5.461  5.115  4.816  4.397  3.679  3.029  2.855  0.417  0.345  0.300  0.719  1.437  2.087  2.260    0.296    0.321    0.413    0.437    0.396    0.306	0.225	 0.203  5.479  5.129  4.757  4.430  0.349  0.372  0.699
1.30 -0.7052  0.7079   5.656  5.569  5.204  4.894  4.469  3.748  3.099  2.926  0.453  0.365  0.310  0.734  1.456  2.105  2.278    0.330    0.353    0.446    0.468    0.421    0.324	0.239	 0.215  5.587  5.218  4.834  4.503  0.369  0.385  0.715
1.30 -0.7052  0.7943   5.777  5.678  5.290  4.969  4.537  3.812  3.165  2.992  0.488  0.388  0.321  0.752  1.477  2.125  2.298    0.367    0.388    0.481    0.499    0.446    0.342	0.253	 0.228  5.698  5.306  4.907  4.572  0.392  0.399  0.733
1.30 -0.7052  0.8913   5.906  5.793  5.377  5.042  4.601  3.872  3.224  3.052  0.529  0.416  0.336  0.776  1.506  2.153  2.326    0.411    0.429    0.518    0.531    0.471    0.360	0.266	 0.239  5.814  5.394  4.977  4.637  0.420  0.417  0.758
1.30 -0.7052  1.0000   6.035  5.914  5.472  5.125  4.678  3.946  3.300  3.129  0.563  0.442  0.347  0.794  1.526  2.172  2.344    0.461    0.477    0.563    0.570    0.503    0.383	0.284	 0.255  5.937  5.490  5.058  4.715  0.447  0.432  0.775
1.30 -0.7052  1.1220   6.153  6.031  5.562  5.203  4.752  4.020  3.377  3.208  0.591  0.470  0.359  0.810  1.542  2.184  2.354    0.511    0.529    0.608    0.609    0.536    0.408	0.303	 0.273  6.055  5.581  5.135  4.789  0.475  0.446  0.792
1.30 -0.7052  1.2589   6.261  6.125  5.606  5.225  4.762  4.030  3.392  3.226  0.655  0.519  0.382  0.844  1.577  2.214  2.380    0.562    0.574    0.630    0.618    0.538    0.410	0.306	 0.277  6.153  5.626  5.152  4.800  0.526  0.474  0.827
1.30 -0.7052  1.4125   6.327  6.167  5.588  5.178  4.707  3.978  3.349  3.191  0.740  0.579  0.410  0.881  1.610  2.239  2.397    0.594    0.593    0.616    0.589    0.508    0.389	0.292	 0.266  6.200  5.609  5.101  4.745  0.591  0.508  0.865
1.30 -0.7052  1.5849   6.604  6.436  5.842  5.412  4.908  4.143  3.480  3.309  0.761  0.594  0.430  0.934  1.699  2.362  2.533    0.758    0.752    0.771    0.723    0.605    0.448	0.326	 0.294  6.470  5.864  5.333  4.947  0.606  0.531  0.917
1.30 -0.7052  1.7783   6.753  6.594  5.988  5.556  5.061  4.317  3.669  3.503  0.765  0.606  0.432  0.927  1.671  2.319  2.485    0.865    0.865    0.877    0.821    0.693    0.523	0.386	 0.349  6.629  6.010  5.476  5.101  0.619  0.534  0.910
1.30 -0.7052  1.9953   6.897  6.732  6.097  5.653  5.158  4.422  3.782  3.620  0.800  0.635  0.444  0.939  1.675  2.315  2.477    0.983    0.978    0.965    0.894    0.755    0.573	0.426	 0.388  6.769  6.120  5.571  5.198  0.649  0.549  0.922
1.30 -0.7052  2.2387   7.021  6.855  6.188  5.731  5.232  4.493  3.856  3.697  0.833  0.666  0.457  0.957  1.695  2.332  2.492    1.097    1.090    1.045    0.956    0.804    0.609	0.454	 0.414  6.896  6.212  5.647  5.272  0.683  0.565  0.940
1.30 -0.7052  2.5119   7.151  6.977  6.291  5.826  5.324  4.583  3.947  3.788  0.860  0.686  0.465  0.967  1.708  2.344  2.503    1.230    1.214    1.143    1.039    0.871    0.658	0.492	 0.448  7.020  6.315  5.742  5.365  0.705  0.574  0.950
1.30 -0.7052  2.8184   7.273  7.092  6.391  5.922  5.421  4.685  4.055  3.899  0.882  0.701  0.469  0.970  1.706  2.336  2.492    1.370    1.343    1.247    1.129    0.948    0.720	0.540	 0.494  7.136  6.416  5.837  5.463  0.720  0.579  0.953
1.30 -0.7052  3.1623   7.380  7.197  6.488  6.016  5.515  4.781  4.154  3.998  0.892  0.709  0.472  0.972  1.707  2.334  2.489    1.505    1.472    1.358    1.226    1.030    0.783	0.589	 0.539  7.242  6.513  5.931  5.557  0.729  0.582  0.955
1.30 -0.7052  3.5481   7.484  7.296  6.580  6.105  5.606  4.874  4.250  4.096  0.904  0.716  0.475  0.974  1.706  2.330  2.484    1.651    1.607    1.473    1.326    1.115    0.850	0.641	 0.588  7.342  6.605  6.020  5.648  0.736  0.585  0.957
1.30 -0.7052  3.9811   7.595  7.401  6.673  6.193  5.691  4.959  4.335  4.183  0.922  0.728  0.480  0.982  1.714  2.338  2.490    1.821    1.763    1.598    1.432    1.201    0.915	0.691	 0.634  7.448  6.699  6.107  5.734  0.749  0.592  0.964
1.30 -0.7052  4.4668   7.725  7.529  6.793  6.309  5.807  5.078  4.456  4.305  0.932  0.736  0.484  0.986  1.715  2.337  2.488    2.042    1.973    1.775    1.585    1.330    1.016	0.769	 0.706  7.577  6.819  6.223  5.851  0.758  0.596  0.968
1.30 -0.7052  5.0119   7.839  7.634  6.885  6.395  5.890  5.159  4.536  4.386  0.954  0.749  0.490  0.995  1.727  2.349  2.499    2.262    2.168    1.927    1.711    1.431    1.091	0.825	 0.758  7.684  6.912  6.309  5.935  0.772  0.603  0.977
1.30 -0.7052  5.6234   7.974  7.770  7.017  6.526  6.024  5.298  4.682  4.534  0.957  0.753  0.491  0.993  1.719  2.335  2.483    2.552    2.447    2.167    1.922    1.612    1.236	0.940	 0.865  7.820  7.044  6.440  6.069  0.776  0.604  0.975
1.30 -0.7052  6.3096   8.088  7.874  7.108  6.611  6.105  5.377  4.760  4.613  0.980  0.766  0.498  1.003  1.731  2.348  2.495    2.823    2.685    2.349    2.071    1.731    1.325	1.007	 0.928  7.926  7.136  6.524  6.151  0.791  0.611  0.985
1.30 -0.7052  7.0795   8.198  7.977  7.200  6.697  6.188  5.460  4.843  4.697  0.998  0.777  0.503  1.011  1.740  2.356  2.502    3.113    2.940    2.546    2.234    1.863    1.425	1.083	 0.999  8.030  7.227  6.610  6.235  0.803  0.617  0.992
1.30 -0.7052  7.9433   8.315  8.087  7.300  6.792  6.281  5.552  4.936  4.791  1.016  0.788  0.508  1.019  1.747  2.364  2.509    3.456    3.244    2.782    2.430    2.022    1.545	1.175	 1.084  8.142  7.328  6.705  6.328  0.814  0.623  1.000
1.30 -0.7052  8.9125   8.420  8.182  7.382  6.868  6.354  5.624  5.008  4.864  1.038  0.800  0.514  1.027  1.757  2.374  2.518    3.795    3.527    2.991    2.599    2.156    1.646	1.252	 1.156  8.238  7.411  6.781  6.403  0.827  0.629  1.008
1.30 -0.7052 10.0000   8.521  8.273  7.462  6.943  6.427  5.696  5.080  4.937  1.059  0.811  0.519  1.035  1.766  2.382  2.525    4.151    3.823    3.210    2.776    2.298    1.753	1.333	 1.233  8.331  7.491  6.856  6.476  0.839  0.635  1.015
1.30 -0.7052 11.2202   8.620  8.360  7.538  7.014  6.495  5.764  5.148  5.006  1.082  0.822  0.524  1.043  1.774  2.390  2.532    4.533    4.131    3.432    2.954    2.439    1.860	1.414	 1.310  8.420  7.568  6.927  6.546  0.852  0.641  1.022
1.30 -0.7052 12.5893   8.723  8.447  7.612  7.081  6.558  5.824  5.206  5.066  1.111  0.835  0.530  1.054  1.788  2.406  2.546    4.966    4.462    3.662    3.133    2.577    1.960	1.488	 1.379  8.509  7.642  6.994  6.610  0.867  0.648  1.033
1.30 -0.7052 14.1254   8.817  8.529  7.683  7.148  6.623  5.888  5.271  5.131  1.134  0.846  0.535  1.060  1.795  2.412  2.552    5.399    4.794    3.898    3.321    2.727    2.072	1.575	 1.461  8.592  7.714  7.061  6.675  0.878  0.653  1.039
1.30 -0.7052 15.8489   8.908  8.612  7.760  7.222  6.698  5.966  5.352  5.215  1.148  0.852  0.537  1.062  1.794  2.408  2.545    5.849    5.155    4.167    3.542    2.909    2.218	1.691	 1.572  8.676  7.791  7.135  6.751  0.885  0.656  1.041
1.30 -0.7052 17.7828   8.992  8.692  7.839  7.300  6.777  6.050  5.440  5.306  1.153  0.854  0.539  1.062  1.789  2.399  2.533    6.262    5.503    4.442    3.771    3.101    2.375	1.817	 1.693  8.757  7.871  7.214  6.831  0.886  0.657  1.040
1.30 -0.3960  0.0631   3.309  3.704  3.642  3.509  3.331  2.967  2.542  2.442 -0.333  0.062  0.133  0.310  0.675  1.100  1.200    0.042    0.070    0.117    0.145    0.164    0.175	0.159	 0.153  3.713  3.643  3.480  3.346  0.070  0.163  0.297
1.30 -0.3960  0.0708   3.405  3.781  3.710  3.576  3.399  3.043  2.630  2.534 -0.305  0.071  0.134  0.311  0.668  1.080  1.176    0.046    0.075    0.124    0.153    0.173    0.187	0.171	 0.165  3.790  3.712  3.546  3.414  0.078  0.166  0.298
1.30 -0.3960  0.0794   3.507  3.868  3.793  3.662  3.490  3.150  2.758  2.667 -0.286  0.075  0.131  0.303  0.643  1.035  1.127    0.050    0.081    0.134    0.165    0.188    0.205	0.192	 0.186  3.877  3.796  3.633  3.505  0.081  0.163  0.291
1.30 -0.3960  0.0891   3.598  3.943  3.859  3.726  3.552  3.214  2.829  2.739 -0.262  0.083  0.134  0.308  0.645  1.030  1.120    0.054    0.086    0.141    0.174    0.198    0.217	0.204	 0.198  3.951  3.862  3.696  3.567  0.089  0.166  0.295
1.30 -0.3960  0.1000   3.689  4.019  3.927  3.791  3.613  3.275  2.893  2.804 -0.238  0.092  0.136  0.314  0.652  1.034  1.123    0.059    0.092    0.150    0.184    0.208    0.228	0.215	 0.209  4.028  3.931  3.761  3.629  0.097  0.170  0.302
1.30 -0.3960  0.1122   3.783  4.093  3.998  3.863  3.684  3.348  2.968  2.879 -0.215  0.095  0.135  0.314  0.650  1.030  1.119    0.064    0.098    0.159    0.196    0.221    0.243	0.230	 0.223  4.102  4.002  3.833  3.700  0.100  0.169  0.302
1.30 -0.3960  0.1259   3.896  4.168  4.013  3.793  3.334  2.434  1.684  1.440 -0.117  0.155  0.220  0.679  1.578  2.329  2.573    0.070    0.105    0.161    0.183    0.160    0.104	0.070	 0.059  4.180  4.019  3.750  3.363  0.160  0.269  0.657
1.30 -0.3960  0.1413   3.999  4.250  4.092  3.878  3.443  2.562  1.826  1.583 -0.093  0.158  0.214  0.649  1.530  2.266  2.509    0.077    0.112    0.172    0.197    0.176    0.117	0.080	 0.067  4.261  4.098  3.836  3.471  0.163  0.262  0.628
1.30 -0.3960  0.1585   4.107  4.337  4.175  3.966  3.559  2.710  1.995  1.756 -0.067  0.163  0.208  0.615  1.465  2.180  2.419    0.085    0.121    0.185    0.213    0.195    0.133	0.093	 0.078  4.349  4.182  3.925  3.586  0.167  0.257  0.595
1.30 -0.3960  0.1778   4.220  4.427  4.256  4.048  3.657  2.826  2.127  1.891 -0.036  0.171  0.208  0.599  1.430  2.129  2.365    0.094    0.131    0.198    0.228    0.212    0.148	0.104	 0.088  4.439  4.263  4.006  3.683  0.176  0.257  0.580
1.30 -0.3960  0.1995   4.346  4.532  4.353  4.146  3.777  2.981  2.304  2.076 -0.007  0.179  0.207  0.576  1.372  2.049  2.277    0.105    0.144    0.216    0.249    0.236    0.169	0.122	 0.104  4.543  4.361  4.104  3.802  0.183  0.256  0.558
1.30 -0.3960  0.2239   4.467  4.624  4.437  4.228  3.864  3.081  2.415  2.189  0.030  0.188  0.209  0.573  1.355  2.022  2.248    0.116    0.156    0.232    0.267    0.254    0.185	0.134	 0.115  4.636  4.445  4.185  3.890  0.192  0.260  0.555
1.30 -0.3960  0.2512   4.603  4.727  4.533  4.323  3.966  3.197  2.540  2.318  0.070  0.194  0.210  0.566  1.336  1.993  2.215    0.131    0.170    0.252    0.290    0.278    0.205	0.150	 0.129  4.739  4.541  4.280  3.992  0.198  0.261  0.549
1.30 -0.3960  0.2818   4.743  4.834  4.633  4.424  4.081  3.343  2.705  2.491  0.110  0.201  0.209  0.552  1.290  1.928  2.142    0.149    0.187    0.276    0.317    0.308    0.233	0.174	 0.151  4.846  4.641  4.381  4.106  0.205  0.261  0.536
1.30 -0.3960  0.3162   4.883  4.935  4.717  4.500  4.148  3.404  2.763  2.551  0.166  0.218  0.217  0.570  1.314  1.954  2.166    0.168    0.205    0.296    0.339    0.326    0.246	0.183	 0.159  4.948  4.726  4.456  4.173  0.222  0.270  0.553
1.30 -0.3960  0.3548   5.024  5.036  4.803  4.580  4.219  3.469  2.825  2.614  0.221  0.232  0.223  0.585  1.335  1.979  2.189    0.191    0.223    0.319    0.363    0.346    0.259	0.192	 0.167  5.048  4.813  4.535  4.245  0.236  0.278  0.568
1.30 -0.3960  0.3981   5.167  5.140  4.890  4.660  4.289  3.534  2.888  2.679  0.276  0.250  0.230  0.602  1.357  2.003  2.212    0.217    0.245    0.345    0.389    0.368    0.274	0.203	 0.177  5.153  4.900  4.613  4.316  0.253  0.287  0.584
1.30 -0.3960  0.4467   5.300  5.243  4.973  4.734  4.358  3.609  2.967  2.762  0.327  0.270  0.239  0.616  1.365  2.006  2.211    0.244    0.268    0.370    0.415    0.390    0.293	0.218	 0.190  5.257  4.984  4.686  4.386  0.273  0.298  0.598
1.30 -0.3960  0.5012   5.436  5.354  5.061  4.809  4.422  3.669  3.027  2.823  0.375  0.294  0.251  0.639  1.392  2.033  2.238    0.275    0.296    0.400    0.442    0.412    0.308	0.229	 0.200  5.369  5.073  4.759  4.451  0.296  0.314  0.622
1.30 -0.3960  0.5623   5.563  5.467  5.152  4.889  4.491  3.733  3.090  2.886  0.411  0.315  0.263  0.661  1.419  2.062  2.266    0.308    0.327    0.433    0.474    0.437    0.325	0.242	 0.211  5.482  5.165  4.836  4.521  0.317  0.329  0.644
1.30 -0.3960  0.6310   5.694  5.584  5.241  4.962  4.553  3.789  3.146  2.942  0.453  0.343  0.279  0.688  1.452  2.095  2.299    0.346    0.362    0.468    0.505    0.461    0.341	0.253	 0.221  5.600  5.255  4.906  4.584  0.345  0.349  0.671
1.30 -0.3960  0.7079   5.820  5.697  5.321  5.023  4.597  3.818  3.169  2.964  0.499  0.377  0.298  0.723  1.503  2.152  2.357    0.387    0.400    0.501    0.531    0.478    0.349	0.257	 0.225  5.715  5.336  4.964  4.629  0.379  0.372  0.707
1.30 -0.3960  0.7943   5.953  5.828  5.421  5.109  4.677  3.890  3.242  3.037  0.532  0.407  0.312  0.744  1.530  2.179  2.383    0.435    0.449    0.547    0.572    0.512    0.371	0.274	 0.239  5.847  5.437  5.048  4.710  0.410  0.389  0.727
1.30 -0.3960  0.8913   6.091  5.963  5.521  5.193  4.748  3.959  3.311  3.108  0.570  0.442  0.328  0.773  1.562  2.210  2.414    0.492    0.507    0.597    0.615    0.544    0.394	0.291	 0.254  5.985  5.539  5.129  4.782  0.446  0.410  0.757
1.30 -0.3960  1.0000   6.215  6.086  5.611  5.267  4.815  4.025  3.378  3.176  0.604  0.475  0.344  0.797  1.586  2.233  2.435    0.549    0.564    0.646    0.656    0.576    0.416	0.308	 0.269  6.109  5.630  5.200  4.849  0.479  0.430  0.781
1.30 -0.3960  1.1220   6.349  6.215  5.702  5.337  4.873  4.085  3.439  3.240  0.647  0.513  0.365  0.829  1.617  2.263  2.462    0.618    0.632    0.698    0.696    0.604    0.437	0.324	 0.284  6.242  5.722  5.266  4.908  0.520  0.456  0.813
1.30 -0.3960  1.2589   6.453  6.282  5.688  5.277  4.785  3.983  3.329  3.136  0.765  0.594  0.411  0.903  1.705  2.359  2.552    0.677    0.669    0.686    0.655    0.554    0.396	0.291	 0.257  6.316  5.709  5.199  4.822  0.607  0.510  0.887
1.30 -0.3960  1.4125   6.692  6.525  5.912  5.481  4.965  4.120  3.441  3.235  0.780  0.613  0.430  0.947  1.792  2.471  2.677    0.834    0.828    0.834    0.782    0.647    0.445	0.319	 0.279  6.561  5.934  5.401  5.003  0.627  0.532  0.931
1.30 -0.3960  1.5849   6.854  6.691  6.056  5.615  5.104  4.275  3.606  3.407  0.799  0.635  0.441  0.951  1.781  2.450  2.649    0.963    0.959    0.946    0.879    0.732    0.510	0.369	 0.324  6.728  6.078  5.533  5.143  0.650  0.544  0.935
1.30 -0.3960  1.7783   7.023  6.843  6.181  5.728  5.211  4.381  3.711  3.515  0.842  0.662  0.453  0.970  1.800  2.470  2.666    1.119    1.098    1.057    0.971    0.803    0.559	0.405	 0.356  6.883  6.204  5.645  5.250  0.679  0.559  0.954
1.30 -0.3960  1.9953   7.180  6.983  6.293  5.829  5.310  4.489  3.826  3.635  0.886  0.689  0.465  0.983  1.804  2.468  2.659    1.288    1.243    1.167    1.061    0.876    0.615	0.448	 0.396  7.025  6.317  5.744  5.350  0.708  0.573  0.967
1.30 -0.3960  2.2387   7.332  7.116  6.400  5.923  5.399  4.581  3.920  3.732  0.933  0.717  0.476  1.000  1.818  2.480  2.667    1.475    1.400    1.282    1.152    0.947    0.667	0.486	 0.432  7.162  6.424  5.837  5.440  0.739  0.587  0.983
1.30 -0.3960  2.5119   7.481  7.241  6.497  6.010  5.483  4.664  4.005  3.819  0.983  0.744  0.487  1.015  1.833  2.493  2.678    1.683    1.563    1.396    1.243    1.018    0.716	0.524	 0.466  7.290  6.522  5.922  5.524  0.768  0.599  0.998
1.30 -0.3960  2.8184   7.619  7.365  6.602  6.106  5.569  4.743  4.078  3.891  1.017  0.762  0.496  1.034  1.860  2.525  2.712    1.904    1.744    1.531    1.352    1.097    0.767	0.558	 0.495  7.416  6.627  6.018  5.611  0.788  0.610  1.017
1.30 -0.3960  3.1623   7.759  7.492  6.717  6.218  5.688  4.878  4.226  4.045  1.042  0.775  0.499  1.029  1.838  2.491  2.672    2.157    1.953    1.694    1.492    1.219    0.865	0.636	 0.568  7.545  6.742  6.129  5.731  0.803  0.613  1.012
1.30 -0.3960  3.5481   7.863  7.587  6.800  6.297  5.765  4.959  4.308  4.129  1.063  0.786  0.503  1.035  1.841  2.492  2.671    2.364    2.122    1.822    1.599    1.304    0.928	0.684	 0.612  7.641  6.826  6.208  5.808  0.815  0.618  1.018
1.30 -0.3960  3.9811   7.971  7.685  6.889  6.381  5.845  5.039  4.387  4.210  1.082  0.796  0.508  1.045  1.850  2.502  2.679    2.601    2.315    1.970    1.720    1.398    0.996	0.733	 0.656  7.740  6.915  6.291  5.888  0.825  0.624  1.027
1.30 -0.3960  4.4668   8.088  7.793  6.986  6.471  5.931  5.124  4.472  4.295  1.103  0.807  0.514  1.055  1.861  2.514  2.690    2.887    2.546    2.144    1.862    1.507    1.072	0.789	 0.707  7.850  7.012  6.381  5.975  0.838  0.631  1.037
1.30 -0.3960  5.0119   8.225  7.924  7.109  6.591  6.048  5.246  4.595  4.420  1.116  0.815  0.518  1.060  1.863  2.514  2.688    3.259    2.860    2.392    2.071    1.673    1.194	0.880	 0.790  7.982  7.135  6.501  6.094  0.846  0.635  1.041
1.30 -0.3960  5.6234   8.349  8.034  7.205  6.681  6.133  5.328  4.676  4.502  1.144  0.829  0.524  1.072  1.877  2.529  2.703    3.642    3.153    2.604    2.241    1.802    1.284	0.945	 0.849  8.093  7.232  6.590  6.179  0.861  0.642  1.053
1.30 -0.3960  6.3096   8.493  8.167  7.328  6.798  6.247  5.445  4.794  4.622  1.165  0.839  0.530  1.081  1.883  2.534  2.706    4.146    3.554    2.907    2.489    1.995    1.425	1.050	 0.945  8.228  7.356  6.707  6.294  0.873  0.648  1.061
1.30 -0.3960  7.0795   8.625  8.293  7.449  6.917  6.365  5.565  4.918  4.747  1.177  0.844  0.532  1.083  1.883  2.531  2.701    4.669    3.978    3.240    2.769    2.218    1.588	1.173	 1.058  8.355  7.477  6.826  6.414  0.878  0.650  1.063
1.30 -0.3960  7.9433   8.746  8.399  7.544  7.006  6.450  5.650  5.002  4.832  1.202  0.855  0.538  1.094  1.894  2.542  2.711    5.201    4.373    3.526    2.996    2.391    1.711	1.264	 1.141  8.462  7.572  6.915  6.499  0.890  0.657  1.073
1.30 -0.3960  8.9125   8.854  8.491  7.626  7.084  6.524  5.723  5.075  4.907  1.228  0.865  0.542  1.102  1.903  2.551  2.719    5.725    4.748    3.791    3.208    2.551    1.825	1.348	 1.218  8.556  7.655  6.992  6.574  0.902  0.662  1.081
1.30 -0.3960 10.0000   8.959  8.578  7.699  7.150  6.584  5.779  5.128  4.960  1.260  0.878  0.549  1.115  1.921  2.571  2.739    6.291    5.126    4.044    3.400    2.688    1.915	1.411	 1.275  8.645  7.729  7.059  6.635  0.916  0.670  1.094
1.30 -0.3960 11.2202   9.048  8.653  7.765  7.211  6.641  5.831  5.179  5.011  1.283  0.888  0.554  1.124  1.934  2.586  2.755    6.809    5.477    4.284    3.586    2.824    2.004	1.475	 1.331  8.722  7.795  7.120  6.693  0.927  0.675  1.102
1.30 -0.3960 12.5893   9.153  8.743  7.846  7.287  6.711  5.896  5.242  5.072  1.307  0.897  0.559  1.134  1.949  2.604  2.774    7.474    5.933    4.601    3.833    3.006    2.122	1.558	 1.406  8.813  7.876  7.195  6.764  0.937  0.681  1.112
1.30 -0.3960 14.1254   9.273  8.842  7.932  7.365  6.782  5.956  5.297  5.125  1.341  0.911  0.567  1.150  1.976  2.635  2.807    8.328    6.485    4.967    4.109    3.197    2.236	1.634	 1.471  8.915  7.963  7.273  6.836  0.952  0.689  1.127
1.30 -0.3960 15.8489   9.406  8.960  8.038  7.464  6.875  6.050  5.391  5.220  1.368  0.922  0.574  1.163  1.988  2.647  2.817    9.388    7.204    5.461    4.489    3.475    2.431	1.777	 1.602  9.034  8.069  7.372  6.931  0.965  0.697  1.139
1.30 -0.3960 17.7828   9.484  9.025  8.094  7.515  6.921  6.096  5.436  5.266  1.391  0.932  0.579  1.173  1.998  2.658  2.827   10.055    7.627    5.729    4.687    3.613    2.526	1.846	 1.666  9.101  8.125  7.423  6.978  0.976  0.702  1.148
1.30  0.0000  0.0631   3.436  3.817  3.719  3.560  3.342  2.909  2.442  2.318 -0.283  0.098  0.159  0.377  0.810  1.277  1.401    0.047    0.078    0.126    0.152    0.165    0.166	0.145	 0.136  3.827  3.722  3.526  3.360  0.105  0.196  0.362
1.30  0.0000  0.0708   3.550  3.909  3.800  3.636  3.412  2.973  2.508  2.386 -0.250  0.110  0.164  0.388  0.827  1.291  1.413    0.052    0.084    0.135    0.162    0.176    0.175	0.153	 0.145  3.920  3.803  3.600  3.431  0.117  0.203  0.372
1.30  0.0000  0.0794   3.661  4.004  3.896  3.734  3.513  3.077  2.618  2.498 -0.235  0.108  0.161  0.382  0.819  1.278  1.398    0.058    0.092    0.147    0.177    0.192    0.192	0.169	 0.159  4.015  3.899  3.699  3.532  0.116  0.200  0.367
1.30  0.0000  0.0891   3.758  4.076  3.961  3.799  3.576  3.140  2.686  2.568 -0.203  0.115  0.162  0.385  0.821  1.275  1.393    0.063    0.097    0.155    0.187    0.202    0.203	0.179	 0.169  4.087  3.965  3.763  3.595  0.123  0.201  0.370
1.30  0.0000  0.1000   3.865  4.155  4.033  3.868  3.643  3.203  2.752  2.635 -0.168  0.122  0.165  0.390  0.830  1.281  1.398    0.069    0.104    0.165    0.198    0.214    0.214	0.189	 0.179  4.166  4.037  3.832  3.662  0.130  0.205  0.374
1.30  0.0000  0.1122   3.970  4.233  4.107  3.940  3.715  3.270  2.818  2.701 -0.137  0.126  0.167  0.392  0.837  1.289  1.406    0.076    0.112    0.176    0.211    0.228    0.227	0.200	 0.190  4.245  4.111  3.904  3.734  0.134  0.207  0.377
1.30  0.0000  0.1259   4.076  4.314  4.183  4.001  3.672  2.729  2.020  1.759 -0.107  0.131  0.182  0.511  1.454  2.163  2.424    0.083    0.120    0.188    0.222    0.219    0.137	0.096	 0.079  4.326  4.187  3.963  3.691  0.139  0.224  0.496
1.30  0.0000  0.1413   4.185  4.395  4.262  4.083  3.766  2.850  2.153  1.895 -0.077  0.133  0.179  0.496  1.412  2.109  2.367    0.092    0.129    0.202    0.239    0.237    0.152	0.108	 0.090  4.406  4.266  4.046  3.784  0.140  0.221  0.482
1.30  0.0000  0.1585   4.301  4.485  4.353  4.178  3.876  3.004  2.324  2.073 -0.052  0.132  0.175  0.477  1.348  2.028  2.280    0.101    0.139    0.218    0.259    0.261    0.175	0.126	 0.105  4.496  4.357  4.141  3.894  0.138  0.216  0.464
1.30  0.0000  0.1778   4.428  4.575  4.436  4.263  3.972  3.138  2.476  2.230 -0.008  0.139  0.173  0.464  1.298  1.961  2.206    0.114    0.151    0.235    0.279    0.284    0.197	0.144	 0.121  4.586  4.441  4.226  3.990  0.145  0.215  0.451
1.30  0.0000  0.1995   4.548  4.662  4.516  4.344  4.067  3.282  2.645  2.408  0.033  0.146  0.172  0.449  1.233  1.871  2.107    0.126    0.162    0.251    0.299    0.309    0.224	0.167	 0.142  4.672  4.521  4.307  4.085  0.152  0.214  0.436
1.30  0.0000  0.2239   4.692  4.766  4.606  4.432  4.163  3.423  2.809  2.584  0.085  0.160  0.174  0.443  1.184  1.797  2.022    0.144    0.178    0.272    0.324    0.336    0.254	0.194	 0.166  4.777  4.612  4.395  4.181  0.165  0.217  0.431
1.30  0.0000  0.2512   4.841  4.868  4.692  4.514  4.238  3.486  2.870  2.645  0.149  0.176  0.179  0.454  1.206  1.822  2.047    0.164    0.195    0.294    0.348    0.359    0.269	0.204	 0.175  4.879  4.698  4.476  4.257  0.181  0.223  0.441
1.30  0.0000  0.2818   4.984  4.968  4.778  4.597  4.318  3.553  2.936  2.709  0.206  0.190  0.181  0.460  1.225  1.843  2.070    0.187    0.213    0.317    0.374    0.385    0.285	0.216	 0.185  4.978  4.785  4.559  4.337  0.194  0.226  0.448
1.30  0.0000  0.3162   5.125  5.072  4.864  4.677  4.395  3.633  3.022  2.798  0.261  0.208  0.187  0.469  1.231  1.842  2.066    0.212    0.233    0.341    0.401    0.411    0.305	0.233	 0.200  5.083  4.871  4.638  4.414  0.212  0.234  0.457
1.30  0.0000  0.3548   5.257  5.176  4.944  4.746  4.452  3.684  3.073  2.850  0.313  0.232  0.198  0.492  1.260  1.870  2.094    0.238    0.255    0.366    0.425    0.432    0.318	0.243	 0.209  5.187  4.952  4.704  4.473  0.235  0.249  0.479
1.30  0.0000  0.3981   5.386  5.290  5.034  4.823  4.518  3.742  3.132  2.909  0.352  0.256  0.211  0.516  1.292  1.902  2.125    0.267    0.283    0.396    0.455    0.457    0.335	0.256	 0.220  5.302  5.044  4.779  4.540  0.258  0.265  0.504
1.30  0.0000  0.4467   5.519  5.407  5.122  4.895  4.577  3.794  3.184  2.962  0.397  0.285  0.227  0.545  1.328  1.939  2.160    0.300    0.314    0.427    0.484    0.480    0.349	0.267	 0.230  5.420  5.134  4.847  4.600  0.286  0.286  0.534
1.30  0.0000  0.5012   5.659  5.533  5.214  4.969  4.637  3.842  3.229  3.009  0.444  0.319  0.245  0.578  1.372  1.985  2.206    0.340    0.351    0.463    0.515    0.506    0.364	0.277	 0.239  5.547  5.227  4.918  4.661  0.320  0.309  0.566
1.30  0.0000  0.5623   5.799  5.672  5.317  5.054  4.711  3.902  3.288  3.068  0.482  0.355  0.263  0.606  1.415  2.029  2.249    0.386    0.397    0.507    0.555    0.539    0.383	0.292	 0.251  5.688  5.331  5.000  4.737  0.358  0.331  0.594
1.30  0.0000  0.6310   5.945  5.817  5.426  5.146  4.785  3.970  3.353  3.133  0.518  0.391  0.280  0.641  1.456  2.074  2.293    0.439    0.452    0.559    0.602    0.575    0.406	0.308	 0.266  5.835  5.442  5.088  4.812  0.393  0.353  0.630
1.30  0.0000  0.7079   6.090  5.965  5.533  5.231  4.856  4.033  3.412  3.193  0.557  0.432  0.302  0.678  1.500  2.121  2.341    0.500    0.516    0.614    0.648    0.611    0.428	0.324	 0.279  5.985  5.550  5.170  4.884  0.435  0.380  0.666
1.30  0.0000  0.7943   6.242  6.111  5.636  5.311  4.919  4.088  3.464  3.246  0.606  0.475  0.325  0.717  1.548  2.172  2.390    0.572    0.587    0.672    0.695    0.644    0.449	0.339	 0.292  6.133  5.654  5.246  4.948  0.480  0.408  0.706
1.30  0.0000  0.8913   6.393  6.255  5.741  5.396  4.987  4.143  3.513  3.294  0.652  0.514  0.345  0.754  1.598  2.228  2.447    0.655    0.668    0.737    0.747    0.683    0.470	0.353	 0.304  6.281  5.760  5.327  5.018  0.521  0.433  0.742
1.30  0.0000  1.0000   6.541  6.403  5.849  5.483  5.062  4.211  3.579  3.360  0.692  0.554  0.365  0.787  1.638  2.270  2.489    0.747    0.762    0.810    0.807    0.729    0.498	0.373	 0.322  6.432  5.869  5.411  5.093  0.563  0.458  0.775
1.30  0.0000  1.1220   6.697  6.538  5.944  5.560  5.127  4.270  3.637  3.420  0.753  0.594  0.384  0.818  1.674  2.307  2.524    0.859    0.859    0.881    0.862    0.770    0.523	0.392	 0.339  6.571  5.965  5.485  5.159  0.605  0.480  0.806
1.30  0.0000  1.2589   6.856  6.651  5.997  5.579  5.119  4.249  3.607  3.394  0.859  0.654  0.418  0.878  1.748  2.390  2.603    0.990    0.949    0.921    0.874    0.762    0.511	0.380	 0.329  6.689  6.019  5.499  5.153  0.670  0.520  0.866
1.30  0.0000  1.4125   7.004  6.749  6.036  5.585  5.099  4.222  3.571  3.364  0.968  0.714  0.451  0.936  1.813  2.464  2.671    1.129    1.035    0.950    0.874    0.745    0.496	0.366	 0.319  6.795  6.058  5.500  5.135  0.736  0.558  0.923
1.30  0.0000  1.5849   7.224  6.985  6.265  5.801  5.287  4.360  3.679  3.457  0.959  0.720  0.464  0.978  1.905  2.586  2.808    1.370    1.274    1.162    1.057    0.877    0.558	0.400	 0.344  7.031  6.288  5.715  5.324  0.743  0.573  0.964
1.30  0.0000  1.7783   7.402  7.146  6.405  5.929  5.403  4.487  3.806  3.588  0.997  0.741  0.476  1.002  1.918  2.599  2.817    1.606    1.470    1.315    1.183    0.970    0.625	0.447	 0.386  7.195  6.428  5.841  5.441  0.766  0.587  0.987
1.30  0.0000  1.9953   7.579  7.303  6.542  6.057  5.525  4.634  3.959  3.749  1.037  0.761  0.486  1.017  1.909  2.583  2.793    1.883    1.691    1.486    1.325    1.082    0.712	0.513	 0.446  7.354  6.566  5.968  5.565  0.788  0.598  1.001
1.30  0.0000  2.2387   7.746  7.443  6.656  6.158  5.616  4.731  4.057  3.852  1.089  0.786  0.498  1.040  1.926  2.599  2.805    2.186    1.914    1.644    1.449    1.171    0.775	0.559	 0.488  7.496  6.681  6.068  5.657  0.816  0.612  1.024
1.30  0.0000  2.5119   7.909  7.578  6.768  6.261  5.712  4.828  4.156  3.953  1.140  0.809  0.508  1.056  1.940  2.612  2.815    2.529    2.159    1.815    1.585    1.274    0.844	0.610	 0.534  7.634  6.793  6.169  5.754  0.842  0.623  1.039
1.30  0.0000  2.8184   8.078  7.719  6.887  6.368  5.807  4.911  4.234  4.029  1.191  0.832  0.519  1.080  1.976  2.653  2.858    2.943    2.447    2.015    1.742    1.384    0.907	0.652	 0.570  7.779  6.912  6.276  5.849  0.867  0.636  1.063
1.30  0.0000  3.1623   8.251  7.857  7.000  6.469  5.895  4.990  4.308  4.104  1.251  0.857  0.531  1.105  2.010  2.692  2.896    3.437    2.768    2.228    1.905    1.496    0.972	0.696	 0.608  7.920  7.025  6.375  5.938  0.894  0.650  1.087
1.30  0.0000  3.5481   8.401  7.978  7.104  6.565  5.983  5.067  4.381  4.177  1.296  0.874  0.539  1.122  2.037  2.723  2.928    3.932    3.085    2.444    2.073    1.615    1.039	0.741	 0.648  8.044  7.130  6.470  6.026  0.914  0.660  1.104
1.30  0.0000  3.9811   8.551  8.104  7.215  6.669  6.084  5.175  4.493  4.291  1.335  0.889  0.546  1.131  2.040  2.722  2.924    4.495    3.449    2.695    2.273    1.767    1.144	0.818	 0.717  8.171  7.241  6.574  6.129  0.930  0.667  1.113
1.30  0.0000  4.4668   8.614  8.175  7.290  6.744  6.159  5.251  4.570  4.369  1.324  0.885  0.545  1.131  2.039  2.720  2.921    4.743    3.664    2.874    2.425    1.883    1.221	0.874	 0.766  8.242  7.316  6.649  6.204  0.926  0.666  1.112
1.30  0.0000  5.0119   8.742  8.280  7.381  6.829  6.236  5.318  4.633  4.431  1.361  0.899  0.553  1.145  2.063  2.748  2.950    5.320    4.024    3.115    2.611    2.015    1.294	0.924	 0.809  8.349  7.408  6.733  6.281  0.942  0.674  1.126
1.30  0.0000  5.6234   8.888  8.402  7.488  6.928  6.328  5.403  4.716  4.513  1.400  0.914  0.560  1.160  2.084  2.772  2.975    6.063    4.486    3.425    2.851    2.186    1.395	0.994	 0.869  8.473  7.514  6.831  6.374  0.959  0.683  1.140
1.30  0.0000  6.3096   9.038  8.553  7.641  7.082  6.487  5.577  4.899  4.700  1.397  0.912  0.559  1.154  2.064  2.742  2.941    6.939    5.138    3.931    3.275    2.521    1.632	1.172	 1.029  8.624  7.668  6.986  6.534  0.956  0.682  1.134
1.30  0.0000  7.0795   9.160  8.657  7.735  7.170  6.569  5.652  4.971  4.772  1.426  0.923  0.565  1.166  2.083  2.763  2.963    7.744    5.641    4.272    3.540    2.710    1.742	1.249	 1.096  8.731  7.762  7.074  6.616  0.969  0.688  1.146
1.30  0.0000  7.9433   9.292  8.769  7.834  7.262  6.656  5.733  5.051  4.850  1.458  0.935  0.571  1.178  2.101  2.783  2.983    8.714    6.229    4.665    3.844    2.927    1.871	1.339	 1.175  8.844  7.861  7.166  6.704  0.982  0.695  1.157
1.30  0.0000  8.9125   9.421  8.874  7.924  7.345  6.731  5.798  5.113  4.911  1.497  0.949  0.579  1.194  2.126  2.812  3.014    9.789    6.844    5.058    4.138    3.128    1.982	1.414	 1.238  8.951  7.952  7.248  6.780  0.999  0.704  1.172
1.30  0.0000 10.0000   9.545  8.977  8.016  7.430  6.810  5.874  5.188  4.986  1.530  0.961  0.585  1.206  2.142  2.828  3.030   10.942    7.504    5.485    4.461    3.355    2.119	1.511	 1.323  9.056  8.044  7.333  6.860  1.012  0.711  1.184
1.30  0.0000 11.2202   9.673  9.079  8.105  7.512  6.884  5.938  5.249  5.045  1.569  0.975  0.593  1.220  2.167  2.856  3.060   12.277    8.225    5.938    4.797    3.583    2.241	1.594	 1.393  9.161  8.133  7.414  6.936  1.028  0.719  1.198
1.30  0.0000 12.5893   9.804  9.183  8.193  7.593  6.959  6.011  5.321  5.118  1.611  0.989  0.600  1.234  2.183  2.872  3.075   13.809    9.021    6.426    5.155    3.828    2.390	1.700	 1.487  9.267  8.222  7.495  7.011  1.045  0.727  1.211
1.30  0.0000 14.1254   9.929  9.276  8.271  7.662  7.019  6.059  5.366  5.161  1.658  1.005  0.609  1.251  2.211  2.905  3.110   15.453    9.809    6.884    5.480    4.037    2.494	1.767	 1.543  9.363  8.300  7.563  7.072  1.063  0.737  1.228
1.30  0.0000 15.8489  10.046  9.368  8.350  7.735  7.085  6.117  5.422  5.216  1.695  1.018  0.615  1.265  2.233  2.928  3.135   17.167   10.648    7.389    5.846    4.280    2.624	1.855	 1.618  9.457  8.380  7.636  7.140  1.077  0.744  1.240
1.30  0.0000 17.7828  10.171  9.466  8.435  7.813  7.156  6.180  5.483  5.275  1.736  1.031  0.623  1.279  2.255  2.953  3.160   19.231   11.629    7.972    6.265    4.557    2.774	1.958	 1.706  9.558  8.465  7.714  7.211  1.093  0.752  1.254
1.30  0.2223  0.0631   3.582  3.967  3.884  3.693  3.399  2.833  2.249  2.087 -0.302  0.083  0.191  0.485  1.051  1.635  1.797    0.054    0.089    0.146    0.171    0.174    0.154	0.121	 0.110  3.979  3.885  3.654  3.421  0.094  0.231  0.464
1.30  0.2223  0.0708   3.678  4.037  3.952  3.771  3.491  2.939  2.372  2.213 -0.274  0.085  0.181  0.461  1.013  1.580  1.739    0.059    0.095    0.155    0.183    0.188    0.169	0.135	 0.123  4.049  3.953  3.733  3.512  0.096  0.220  0.441
1.30  0.2223  0.0794   3.779  4.107  4.017  3.841  3.572  3.036  2.484  2.330 -0.239  0.090  0.177  0.446  0.981  1.533  1.688    0.064    0.101    0.164    0.195    0.202    0.185	0.149	 0.136  4.119  4.019  3.804  3.592  0.100  0.215  0.427
1.30  0.2223  0.0891   3.872  4.172  4.076  3.902  3.642  3.119  2.582  2.431 -0.204  0.096  0.174  0.434  0.957  1.494  1.644    0.070    0.106    0.173    0.205    0.215    0.199	0.162	 0.149  4.183  4.078  3.865  3.661  0.105  0.213  0.416
1.30  0.2223  0.1000   3.963  4.238  4.137  3.965  3.714  3.203  2.680  2.533 -0.174  0.101  0.172  0.423  0.934  1.457  1.604    0.075    0.113    0.182    0.216    0.229    0.213	0.177	 0.163  4.249  4.139  3.929  3.733  0.110  0.210  0.405
1.30  0.2223  0.1122   4.069  4.314  4.209  4.043  3.802  3.305  2.798  2.654 -0.140  0.105  0.167  0.408  0.904  1.412  1.556    0.083    0.120    0.194    0.232    0.247    0.234	0.197	 0.182  4.325  4.212  4.007  3.820  0.113  0.205  0.391
1.30  0.2223  0.1259   4.180  4.392  4.280  4.109  3.833  2.979  2.307  2.062 -0.100  0.112  0.171  0.448  1.301  1.973  2.218    0.092    0.129    0.206    0.245    0.253    0.172	0.125	 0.105  4.403  4.283  4.073  3.850  0.120  0.210  0.434
1.30  0.2223  0.1413   4.291  4.472  4.355  4.187  3.922  3.120  2.469  2.233 -0.065  0.116  0.168  0.433  1.236  1.886  2.122    0.101    0.138    0.220    0.262    0.274    0.195	0.144	 0.122  4.482  4.359  4.152  3.939  0.123  0.207  0.420
1.30  0.2223  0.1585   4.417  4.559  4.433  4.265  4.010  3.271  2.652  2.430 -0.017  0.126  0.168  0.424  1.162  1.782  2.003    0.113    0.149    0.235    0.281    0.295    0.224	0.170	 0.146  4.569  4.437  4.229  4.027  0.132  0.208  0.410
1.30  0.2223  0.1778   4.544  4.649  4.509  4.340  4.089  3.390  2.793  2.582  0.034  0.140  0.169  0.421  1.120  1.717  1.927    0.126    0.161    0.251    0.299    0.316    0.248	0.192	 0.167  4.659  4.514  4.304  4.107  0.145  0.210  0.407
1.30  0.2223  0.1995   4.688  4.749  4.596  4.426  4.181  3.525  2.955  2.758  0.092  0.154  0.170  0.415  1.071  1.640  1.838    0.144    0.176    0.271    0.323    0.343    0.280	0.223	 0.196  4.759  4.601  4.390  4.199  0.158  0.211  0.402
1.30  0.2223  0.2239   4.833  4.846  4.674  4.499  4.254  3.614  3.059  2.868  0.159  0.172  0.175  0.420  1.060  1.615  1.806    0.164    0.192    0.290    0.344    0.365    0.303	0.244	 0.216  4.856  4.680  4.462  4.272  0.176  0.218  0.407
1.30  0.2223  0.2512   4.986  4.951  4.758  4.577  4.325  3.670  3.115  2.922  0.228  0.193  0.181  0.433  1.088  1.643  1.836    0.188    0.210    0.312    0.368    0.389    0.318	0.256	 0.226  4.962  4.765  4.537  4.345  0.197  0.227  0.420
1.30  0.2223  0.2818   5.123  5.055  4.843  4.656  4.401  3.732  3.175  2.979  0.280  0.212  0.187  0.443  1.112  1.669  1.864    0.212    0.230    0.336    0.394    0.415    0.335	0.269	 0.237  5.066  4.851  4.616  4.420  0.215  0.235  0.430
1.30  0.2223  0.3162   5.258  5.167  4.930  4.730  4.463  3.785  3.229  3.033  0.328  0.237  0.200  0.467  1.145  1.701  1.897    0.239    0.254    0.362    0.420    0.438    0.351	0.282	 0.248  5.179  4.939  4.687  4.484  0.240  0.252  0.455
1.30  0.2223  0.3548   5.390  5.283  5.017  4.802  4.522  3.826  3.267  3.069  0.373  0.265  0.215  0.496  1.191  1.751  1.948    0.269    0.282    0.391    0.447    0.460    0.363	0.291	 0.256  5.295  5.027  4.756  4.543  0.268  0.271  0.484
1.30  0.2223  0.3981   5.534  5.411  5.117  4.886  4.594  3.879  3.314  3.114  0.417  0.294  0.231  0.523  1.238  1.803  2.003    0.306    0.316    0.427    0.482    0.490    0.379	0.302	 0.265  5.424  5.128  4.837  4.617  0.296  0.292  0.511
1.30  0.2223  0.4467   5.676  5.543  5.215  4.969  4.667  3.925  3.352  3.150  0.460  0.328  0.247  0.548  1.290  1.863  2.065    0.347    0.356    0.466    0.518    0.522    0.394	0.312	 0.273  5.558  5.228  4.917  4.691  0.330  0.311  0.537
1.30  0.2223  0.5012   5.815  5.678  5.312  5.047  4.734  3.966  3.386  3.183  0.503  0.366  0.265  0.578  1.346  1.926  2.130    0.393    0.401    0.507    0.554    0.553    0.408	0.321	 0.281  5.695  5.326  4.991  4.759  0.369  0.334  0.567
1.30  0.2223  0.5623   5.966  5.826  5.417  5.130  4.797  4.023  3.439  3.235  0.548  0.409  0.287  0.620  1.394  1.978  2.182    0.450    0.458    0.557    0.596    0.584    0.428	0.335	 0.293  5.845  5.433  5.071  4.824  0.412  0.362  0.609
1.30  0.2223  0.6310   6.115  5.974  5.524  5.216  4.870  4.085  3.497  3.293  0.591  0.450  0.308  0.654  1.439  2.027  2.231    0.514    0.523    0.612    0.642    0.622    0.451	0.352	 0.308  5.995  5.540  5.153  4.897  0.455  0.388  0.643
1.30  0.2223  0.7079   6.278  6.131  5.638  5.309  4.945  4.150  3.557  3.351  0.641  0.493  0.329  0.693  1.488  2.081  2.287    0.595    0.601    0.677    0.697    0.664    0.477	0.371	 0.324  6.155  5.656  5.242  4.974  0.499  0.414  0.682
1.30  0.2223  0.7943   6.453  6.289  5.750  5.399  5.020  4.208  3.609  3.403  0.703  0.539  0.351  0.731  1.542  2.141  2.347    0.696    0.693    0.747    0.754    0.708    0.502	0.387	 0.338  6.316  5.769  5.329  5.050  0.547  0.441  0.720
1.30  0.2223  0.8913   6.629  6.442  5.861  5.489  5.092  4.262  3.654  3.447  0.768  0.581  0.372  0.769  1.599  2.207  2.414    0.815    0.795    0.824    0.816    0.754    0.525	0.402	 0.350  6.474  5.881  5.415  5.123  0.593  0.466  0.758
1.30  0.2223  1.0000   6.794  6.582  5.961  5.571  5.159  4.317  3.704  3.498  0.833  0.621  0.390  0.802  1.644  2.256  2.463    0.944    0.899    0.899    0.875    0.798    0.549	0.419	 0.366  6.616  5.982  5.494  5.191  0.635  0.488  0.790
1.30  0.2223  1.1220   6.969  6.729  6.070  5.663  5.237  4.383  3.766  3.560  0.899  0.659  0.407  0.833  1.688  2.304  2.510    1.105    1.026    0.991    0.949    0.854    0.581	0.442	 0.386  6.768  6.092  5.583  5.270  0.676  0.508  0.822
1.30  0.2223  1.2589   7.129  6.856  6.156  5.728  5.285  4.421  3.799  3.594  0.973  0.699  0.428  0.871  1.735  2.358  2.563    1.275    1.147    1.068    1.004    0.889    0.600	0.453	 0.396  6.899  6.178  5.646  5.320  0.720  0.532  0.859
1.30  0.2223  1.4125   7.282  6.951  6.189  5.723  5.243  4.362  3.721  3.518  1.093  0.762  0.466  0.946  1.828  2.469  2.672    1.460    1.247    1.095    0.994    0.851    0.565	0.420	 0.367  7.002  6.212  5.635  5.279  0.789  0.577  0.933
1.30  0.2223  1.5849   7.466  7.092  6.276  5.769  5.215  4.169  3.450  3.212  1.190  0.816  0.507  1.062  2.107  2.827  3.065    1.720    1.410    1.179    1.031    0.823    0.470	0.325	 0.275  7.149  6.300  5.678  5.252  0.850  0.622  1.048
1.30  0.2223  1.7783   7.676  7.335  6.545  6.052  5.525  4.608  3.936  3.725  1.131  0.790  0.493  1.019  1.936  2.609  2.820    2.071    1.752    1.499    1.328    1.089    0.700	0.505	 0.439  7.389  6.568  5.962  5.564  0.821  0.606  1.004
1.30  0.2223  1.9953   7.850  7.489  6.680  6.177  5.640  4.729  4.057  3.850  1.171  0.810  0.503  1.040  1.951  2.622  2.830    2.420    2.010    1.689    1.482    1.203    0.778	0.562	 0.490  7.546  6.704  6.086  5.680  0.842  0.618  1.024
1.30  0.2223  2.2387   8.022  7.631  6.797  6.282  5.733  4.819  4.145  3.940  1.224  0.834  0.515  1.064  1.978  2.652  2.858    2.821    2.279    1.873    1.626    1.306    0.841	0.607	 0.530  7.691  6.822  6.190  5.774  0.869  0.632  1.048
1.30  0.2223  2.5119   8.200  7.782  6.927  6.401  5.838  4.907  4.226  4.020  1.273  0.854  0.526  1.089  2.020  2.701  2.908    3.312    2.608    2.103    1.807    1.432    0.909	0.651	 0.568  7.844  6.952  6.308  5.880  0.892  0.644  1.072
1.30  0.2223  2.8184   8.378  7.925  7.048  6.510  5.935  4.993  4.308  4.101  1.331  0.878  0.538  1.113  2.055  2.740  2.946    3.888    2.965    2.341    1.989    1.559    0.980	0.699	 0.610  7.991  7.073  6.415  5.977  0.919  0.658  1.096
1.30  0.2223  3.1623   8.555  8.056  7.150  6.600  6.015  5.072  4.387  4.182  1.405  0.906  0.551  1.135  2.078  2.763  2.968    4.558    3.332    2.562    2.152    1.673    1.050	0.749	 0.654  8.126  7.176  6.503  6.058  0.951  0.672  1.118
1.30  0.2223  3.5481   8.711  8.170  7.239  6.677  6.083  5.122  4.430  4.222  1.472  0.931  0.562  1.157  2.118  2.809  3.017    5.238    3.683    2.769    2.301    1.772    1.094	0.776	 0.676  8.244  7.265  6.580  6.126  0.979  0.685  1.139
1.30  0.2223  3.9811   8.868  8.299  7.355  6.786  6.183  5.196  4.497  4.284  1.512  0.944  0.569  1.172  2.159  2.858  3.071    6.028    4.136    3.070    2.535    1.937    1.168	0.822	 0.713  8.375  7.381  6.688  6.227  0.994  0.693  1.154
1.30  0.2223  4.4668   8.998  8.406  7.449  6.874  6.268  5.293  4.598  4.390  1.550  0.957  0.575  1.180  2.155  2.850  3.059    6.778    4.546    3.335    2.739    2.088    1.272	0.900	 0.783  8.484  7.475  6.775  6.313  1.009  0.700  1.162
1.30  0.2223  5.0119   9.063  8.488  7.540  6.969  6.366  5.391  4.697  4.488  1.523  0.947  0.571  1.174  2.150  2.843  3.052    7.168    4.882    3.615    2.978    2.277    1.386	0.982	 0.855  8.564  7.566  6.871  6.411  0.998  0.696  1.155
1.30  0.2223  5.6234   9.205  8.604  7.645  7.066  6.457  5.472  4.776  4.566  1.560  0.960  0.578  1.188  2.173  2.869  3.079    8.128    5.415    3.963    3.244    2.464    1.488	1.051	 0.914  8.683  7.671  6.968  6.502  1.012  0.703  1.169
1.30  0.2223  6.3096   9.367  8.745  7.773  7.188  6.570  5.577  4.878  4.667  1.594  0.971  0.585  1.203  2.196  2.895  3.106    9.411    6.140    4.447    3.617    2.727    1.633	1.152	 1.000  8.825  7.800  7.089  6.617  1.025  0.711  1.183
1.30  0.2223  7.0795   9.506  8.860  7.878  7.288  6.665  5.657  4.955  4.741  1.627  0.982  0.591  1.213  2.222  2.924  3.138   10.664    6.812    4.886    3.955    2.968    1.754	1.232	 1.067  8.942  7.905  7.189  6.712  1.037  0.717  1.193
1.30  0.2223  7.9433   9.646  8.971  7.976  7.379  6.749  5.728  5.021  4.804  1.670  0.995  0.598  1.227  2.248  2.955  3.172   12.097    7.525    5.331    4.287    3.198    1.867	1.306	 1.128  9.056  8.003  7.279  6.797  1.052  0.725  1.207
1.30  0.2223  8.9125   9.784  9.080  8.072  7.467  6.833  5.811  5.106  4.890  1.712  1.008  0.604  1.239  2.261  2.966  3.182   13.695    8.288    5.803    4.638    3.443    2.009	1.407	 1.217  9.167  8.099  7.367  6.881  1.067  0.732  1.218
1.30  0.2223 10.0000   9.914  9.184  8.164  7.554  6.913  5.893  5.189  4.976  1.749  1.019  0.611  1.251  2.271  2.975  3.188   15.384    9.092    6.299    5.006    3.697    2.160	1.516	 1.313  9.272  8.192  7.453  6.963  1.080  0.739  1.229
1.30  0.2223 11.2202  10.051  9.287  8.252  7.633  6.985  5.956  5.249  5.035  1.799  1.035  0.619  1.267  2.296  3.002  3.217   17.412    9.977    6.812    5.371    3.938    2.282	1.598	 1.383  9.379  8.280  7.532  7.036  1.099  0.748  1.245
1.30  0.2223 12.5893  10.197  9.397  8.346  7.719  7.064  6.023  5.314  5.097  1.851  1.051  0.627  1.283  2.323  3.033  3.249   19.863   11.012    7.410    5.798    4.223    2.421	1.690	 1.461  9.492  8.375  7.617  7.115  1.117  0.758  1.260
1.30  0.2223 14.1254  10.335  9.500  8.434  7.799  7.137  6.096  5.387  5.172  1.902  1.066  0.635  1.296  2.338  3.046  3.262   22.506   12.073    8.010    6.222    4.507    2.582	1.804	 1.560  9.598  8.463  7.696  7.190  1.135  0.766  1.273
1.30  0.2223 15.8489  10.475  9.609  8.530  7.887  7.216  6.160  5.448  5.230  1.945  1.079  0.643  1.314  2.370  3.082  3.300   25.536   13.312    8.729    6.731    4.834    2.733	1.903	 1.642  9.709  8.559  7.784  7.270  1.150  0.775  1.289
1.30  0.2223 17.7828  10.605  9.712  8.622  7.972  7.293  6.224  5.509  5.289  1.982  1.090  0.650  1.329  2.398  3.113  3.333   28.691   14.598    9.482    7.264    5.177    2.893	2.008	 1.730  9.814  8.652  7.870  7.348  1.162  0.783  1.304
