#IMF [M/H]    Age      U      B      V      R      I      J      H      K     U-V    B-V    V-R    V-I    V-J    V-H     V-K      (M/L)U   (M/L)B   (M/L)V   (M/L)R   (M/L)I   (M/L)J   (M/L)H   (M/L)K  F439W  F555W  F675W F814W 439-555 555-675 555-814
#=========================================================================================================================================================================================================================================================
1.30 -2.3152  0.0631   3.508  4.112  4.238  4.261  4.293  4.330  4.252  4.230 -0.730 -0.126 -0.022 -0.055 -0.092 -0.014  0.008    0.043    0.087    0.174    0.247    0.339    0.525    0.655    0.677  4.116  4.232  4.268  4.292 -0.115 -0.036 -0.060
1.30 -2.3152  0.0708   3.594  4.173  4.289  4.305  4.329  4.349  4.259  4.236 -0.695 -0.116 -0.017 -0.040 -0.060  0.030  0.053    0.047    0.092    0.181    0.257    0.349    0.532    0.657    0.678  4.177  4.283  4.311  4.328 -0.106 -0.028 -0.045
1.30 -2.3152  0.0794   3.676  4.230  4.335  4.345  4.359  4.362  4.262  4.236 -0.659 -0.105 -0.010 -0.024 -0.027  0.073  0.099    0.050    0.096    0.188    0.265    0.358    0.536    0.656    0.676  4.234  4.330  4.350  4.360 -0.096 -0.020 -0.030
1.30 -2.3152  0.0891   3.755  4.286  4.381  4.385  4.389  4.375  4.264  4.237 -0.626 -0.094 -0.004 -0.009  0.006  0.117  0.144    0.054    0.101    0.195    0.274    0.366    0.540    0.654    0.672  4.291  4.376  4.388  4.391 -0.086 -0.012 -0.015
1.30 -2.3152  0.1000   3.848  4.358  4.442  4.440  4.436  4.408  4.290  4.261 -0.594 -0.084  0.001  0.006  0.034  0.152  0.181    0.058    0.108    0.206    0.287    0.380    0.554    0.666    0.685  4.362  4.438  4.442  4.439 -0.076 -0.004 -0.001
1.30 -2.3152  0.1122   3.925  4.413  4.484  4.474  4.459  4.410  4.278  4.247 -0.559 -0.071  0.010  0.025  0.075  0.206  0.237    0.062    0.113    0.213    0.294    0.386    0.552    0.656    0.673  4.417  4.481  4.474  4.463 -0.064  0.007  0.018
1.30 -2.3152  0.1259   4.000  4.467  4.526  4.507  4.479  4.407  4.260  4.227 -0.526 -0.059  0.019  0.047  0.119  0.266  0.299    0.066    0.118    0.220    0.302    0.391    0.548    0.641    0.656  4.471  4.524  4.505  4.485 -0.052  0.019  0.039
1.30 -2.3152  0.1413   4.088  4.530  4.577  4.551  4.513  4.424  4.264  4.229 -0.489 -0.047  0.026  0.064  0.153  0.313  0.348    0.071    0.124    0.229    0.312    0.402    0.553    0.641    0.654  4.534  4.575  4.546  4.519 -0.041  0.029  0.056
1.30 -2.3152  0.1585   4.096  4.381  4.086  3.776  3.418  2.855  2.316  2.198  0.010  0.295  0.310  0.668  1.232  1.770  1.888    0.072    0.108    0.145    0.152    0.146    0.130    0.106    0.100  4.404  4.095  3.714  3.446  0.309  0.381  0.649
1.30 -2.3152  0.1778   4.178  4.432  4.119  3.800  3.433  2.860  2.316  2.196  0.059  0.313  0.319  0.686  1.259  1.803  1.924    0.077    0.112    0.149    0.155    0.147    0.130    0.106    0.100  4.456  4.128  3.736  3.461  0.328  0.393  0.668
1.30 -2.3152  0.1995   4.259  4.485  4.154  3.825  3.449  2.866  2.316  2.195  0.105  0.331  0.329  0.705  1.288  1.838  1.959    0.082    0.117    0.153    0.158    0.149    0.130    0.105    0.099  4.510  4.164  3.759  3.478  0.346  0.405  0.686
1.30 -2.3152  0.2239   4.344  4.543  4.193  3.853  3.469  2.875  2.319  2.196  0.151  0.350  0.339  0.724  1.317  1.874  1.997    0.089    0.123    0.158    0.161    0.151    0.130    0.105    0.099  4.568  4.203  3.786  3.497  0.365  0.417  0.705
1.30 -2.3152  0.2512   4.429  4.602  4.234  3.884  3.491  2.887  2.324  2.199  0.196  0.368  0.349  0.743  1.346  1.909  2.034    0.095    0.129    0.163    0.165    0.153    0.131    0.105    0.099  4.628  4.244  3.816  3.520  0.384  0.429  0.724
1.30 -2.3152  0.2818   4.535  4.681  4.289  3.927  3.522  2.906  2.335  2.208  0.246  0.392  0.362  0.767  1.383  1.954  2.081    0.104    0.138    0.171    0.171    0.157    0.133    0.105    0.099  4.709  4.300  3.856  3.552  0.409  0.444  0.749
1.30 -2.3152  0.3162   4.632  4.767  4.394  4.047  3.653  3.049  2.485  2.359  0.238  0.373  0.348  0.741  1.346  1.909  2.035    0.114    0.149    0.187    0.190    0.176    0.151    0.120    0.113  4.793  4.405  3.978  3.682  0.388  0.427  0.723
1.30 -2.3152  0.3548   4.726  4.837  4.464  4.121  3.730  3.130  2.570  2.444  0.262  0.373  0.344  0.734  1.335  1.895  2.020    0.123    0.158    0.199    0.202    0.188    0.161    0.129    0.122  4.863  4.476  4.053  3.759  0.387  0.423  0.716
1.30 -2.3152  0.3981   4.830  4.920  4.548  4.207  3.820  3.222  2.664  2.539  0.282  0.372  0.341  0.728  1.326  1.884  2.009    0.135    0.170    0.213    0.218    0.203    0.175    0.140    0.132  4.945  4.559  4.140  3.849  0.386  0.419  0.710
1.30 -2.3152  0.4467   4.956  5.046  4.694  4.369  3.997  3.416  2.869  2.747  0.262  0.352  0.324  0.697  1.278  1.824  1.947    0.151    0.190    0.243    0.251    0.237    0.208    0.169    0.159  5.069  4.705  4.305  4.026  0.364  0.400  0.680
1.30 -2.3152  0.5012   5.035  5.113  4.758  4.435  4.065  3.489  2.949  2.827  0.277  0.355  0.323  0.693  1.269  1.809  1.931    0.161    0.201    0.257    0.266    0.252    0.221    0.181    0.170  5.136  4.770  4.371  4.094  0.366  0.399  0.676
1.30 -2.3152  0.5623   5.114  5.185  4.825  4.502  4.133  3.562  3.027  2.907  0.289  0.360  0.323  0.691  1.263  1.798  1.918    0.173    0.213    0.271    0.281    0.267    0.236    0.193    0.182  5.207  4.837  4.438  4.163  0.370  0.399  0.674
1.30 -2.3152  0.6310   5.197  5.262  4.896  4.572  4.202  3.636  3.105  2.987  0.301  0.367  0.324  0.693  1.260  1.790  1.909    0.185    0.228    0.288    0.298    0.283    0.251    0.206    0.195  5.285  4.908  4.507  4.232  0.376  0.401  0.677
1.30 -2.3152  0.7079   5.296  5.356  4.983  4.656  4.285  3.721  3.192  3.074  0.313  0.374  0.327  0.697  1.262  1.791  1.909    0.202    0.247    0.311    0.321    0.304    0.270    0.222    0.211  5.379  4.996  4.592  4.315  0.383  0.404  0.681
1.30 -2.3152  0.7943   5.414  5.478  5.114  4.796  4.434  3.882  3.364  3.248  0.301  0.364  0.318  0.680  1.231  1.750  1.866    0.224    0.275    0.349    0.363    0.346    0.312    0.259    0.246  5.499  5.127  4.733  4.464  0.372  0.394  0.664
1.30 -2.3152  0.8913   5.500  5.558  5.190  4.872  4.510  3.965  3.450  3.335  0.310  0.368  0.318  0.679  1.225  1.740  1.855    0.242    0.295    0.373    0.388    0.370    0.335    0.279    0.265  5.579  5.204  4.810  4.541  0.375  0.395  0.663
1.30 -2.3152  1.0000   5.572  5.625  5.249  4.930  4.569  4.031  3.523  3.411  0.323  0.377  0.318  0.679  1.217  1.725  1.838    0.257    0.313    0.391    0.407    0.389    0.354    0.298    0.283  5.646  5.263  4.867  4.600  0.383  0.396  0.664
1.30 -2.3152  1.1220   5.659  5.688  5.258  4.914  4.534  3.976  3.463  3.350  0.401  0.430  0.344  0.725  1.283  1.796  1.908    0.277    0.329    0.393    0.399    0.374    0.335    0.280    0.266  5.712  5.275  4.846  4.565  0.438  0.428  0.709
1.30 -2.3152  1.2589   5.779  5.758  5.230  4.833  4.413  3.807  3.270  3.154  0.548  0.527  0.397  0.818  1.424  1.960  2.076    0.308    0.349    0.381    0.368    0.333    0.285    0.233    0.221  5.790  5.249  4.757  4.447  0.541  0.492  0.802
1.30 -2.3152  1.4125   6.028  6.033  5.564  5.203  4.811  4.239  3.732  3.624  0.463  0.468  0.362  0.753  1.325  1.832  1.940    0.385    0.447    0.515    0.514    0.478    0.422    0.355    0.339  6.059  5.583  5.133  4.845  0.477  0.450  0.737
1.30 -2.3152  1.5849   6.100  6.099  5.621  5.255  4.862  4.289  3.787  3.681  0.480  0.479  0.365  0.759  1.331  1.833  1.939    0.409    0.473    0.540    0.538    0.498    0.440    0.372    0.356  6.127  5.639  5.185  4.896  0.487  0.454  0.743
1.30 -2.3152  1.7783   6.222  6.219  5.726  5.355  4.957  4.382  3.882  3.778  0.495  0.493  0.371  0.769  1.345  1.844  1.949    0.456    0.526    0.592    0.587    0.541    0.477    0.404    0.387  6.247  5.746  5.285  4.992  0.501  0.461  0.754
1.30 -2.3152  1.9953   6.362  6.362  5.871  5.503  5.107  4.536  4.042  3.939  0.491  0.491  0.368  0.764  1.335  1.829  1.932    0.516    0.598    0.674    0.669    0.619    0.547    0.466    0.447  6.390  5.891  5.433  5.142  0.499  0.458  0.749
1.30 -2.3152  2.2387   6.471  6.474  5.977  5.607  5.210  4.640  4.148  4.046  0.494  0.498  0.370  0.767  1.336  1.828  1.930    0.568    0.660    0.739    0.733    0.677    0.600    0.511    0.491  6.502  5.997  5.537  5.246  0.505  0.460  0.751
1.30 -2.3152  2.5119   6.580  6.596  6.107  5.744  5.353  4.794  4.311  4.211  0.473  0.489  0.363  0.754  1.313  1.796  1.896    0.625    0.735    0.830    0.828    0.769    0.688    0.591    0.569  6.623  6.128  5.676  5.390  0.495  0.452  0.738
1.30 -2.3152  2.8184   6.683  6.707  6.209  5.842  5.449  4.893  4.412  4.313  0.474  0.498  0.367  0.760  1.316  1.797  1.896    0.686    0.812    0.909    0.904    0.838    0.751    0.647    0.623  6.735  6.231  5.774  5.487  0.503  0.457  0.744
1.30 -2.3152  3.1623   6.773  6.807  6.304  5.935  5.542  4.989  4.512  4.415  0.469  0.503  0.369  0.762  1.314  1.791  1.888    0.742    0.887    0.988    0.981    0.910    0.818    0.707    0.682  6.835  6.326  5.867  5.581  0.509  0.459  0.746
1.30 -2.3152  3.5481   6.866  6.909  6.396  6.023  5.628  5.077  4.603  4.507  0.470  0.514  0.373  0.768  1.319  1.793  1.889    0.805    0.970    1.071    1.060    0.981    0.883    0.765    0.739  6.938  6.419  5.955  5.667  0.519  0.464  0.752
1.30 -2.3152  3.9811   6.976  7.027  6.500  6.123  5.724  5.173  4.700  4.605  0.475  0.527  0.378  0.776  1.327  1.800  1.895    0.888    1.077    1.175    1.157    1.068    0.961    0.834    0.806  7.056  6.525  6.054  5.765  0.532  0.470  0.760
1.30 -2.3152  4.4668   7.088  7.148  6.611  6.230  5.829  5.280  4.809  4.714  0.477  0.536  0.382  0.783  1.331  1.803  1.897    0.981    1.200    1.297    1.273    1.171    1.057    0.919    0.888  7.178  6.637  6.162  5.871  0.541  0.475  0.766
1.30 -2.3152  5.0119   7.199  7.265  6.721  6.335  5.932  5.388  4.918  4.825  0.478  0.544  0.386  0.789  1.333  1.802  1.896    1.082    1.332    1.429    1.397    1.284    1.163    1.013    0.980  7.296  6.747  6.267  5.975  0.548  0.480  0.772
1.30 -2.3152  5.6234   7.296  7.368  6.815  6.425  6.018  5.477  5.009  4.917  0.481  0.553  0.391  0.797  1.338  1.806  1.898    1.179    1.460    1.554    1.512    1.385    1.258    1.097    1.063  7.400  6.843  6.357  6.063  0.557  0.486  0.780
1.30 -2.3152  6.3096   7.413  7.489  6.926  6.531  6.121  5.582  5.115  5.023  0.486  0.563  0.396  0.806  1.345  1.812  1.903    1.310    1.627    1.716    1.662    1.517    1.381    1.205    1.168  7.522  6.955  6.463  6.167  0.566  0.492  0.788
1.30 -2.3152  7.0795   7.518  7.596  7.026  6.627  6.214  5.678  5.212  5.121  0.491  0.570  0.400  0.812  1.349  1.815  1.905    1.438    1.790    1.876    1.810    1.649    1.505    1.314    1.275  7.629  7.056  6.559  6.262  0.573  0.497  0.794
1.30 -2.3152  7.9433   7.624  7.704  7.125  6.720  6.305  5.769  5.303  5.213  0.500  0.579  0.404  0.820  1.356  1.821  1.912    1.581    1.970    2.048    1.967    1.787    1.631    1.425    1.383  7.737  7.155  6.654  6.354  0.582  0.502  0.801
1.30 -2.3152  8.9125   7.733  7.816  7.231  6.824  6.408  5.873  5.408  5.319  0.502  0.585  0.407  0.823  1.358  1.823  1.912    1.743    2.178    2.252    2.158    1.959    1.790    1.565    1.520  7.851  7.263  6.758  6.459  0.587  0.505  0.804
1.30 -2.3152 10.0000   7.859  7.942  7.356  6.948  6.533  6.002  5.540  5.451  0.503  0.586  0.408  0.823  1.354  1.816  1.905    1.952    2.440    2.519    2.412    2.193    2.011    1.762    1.713  7.977  7.389  6.884  6.587  0.588  0.505  0.802
1.30 -2.3152 11.2202   7.926  8.002  7.407  6.996  6.580  6.046  5.581  5.491  0.518  0.594  0.412  0.828  1.362  1.827  1.916    2.071    2.571    2.635    2.515    2.282    2.087    1.825    1.773  8.038  7.441  6.933  6.634  0.596  0.509  0.807
1.30 -2.3152 12.5893   8.014  8.088  7.497  7.086  6.670  6.138  5.673  5.584  0.517  0.590  0.411  0.828  1.359  1.824  1.913    2.233    2.766    2.845    2.716    2.465    2.260    1.976    1.920  8.124  7.532  7.024  6.726  0.592  0.508  0.806
1.30 -2.3152 14.1254   8.159  8.233  7.645  7.234  6.818  6.290  5.827  5.738  0.514  0.587  0.412  0.827  1.355  1.818  1.907    2.532    3.136    3.235    3.088    2.805    2.578    2.258    2.196  8.270  7.682  7.175  6.879  0.588  0.507  0.803
1.30 -2.3152 15.8489   8.256  8.323  7.737  7.324  6.908  6.379  5.914  5.826  0.519  0.586  0.413  0.828  1.358  1.822  1.910    2.746    3.381    3.491    3.329    3.023    2.776    2.428    2.361  8.361  7.775  7.268  6.971  0.586  0.507  0.803
1.30 -2.3152 17.7828   8.324  8.389  7.807  7.392  6.975  6.443  5.975  5.886  0.517  0.583  0.414  0.831  1.364  1.831  1.920    2.896    3.561    3.688    3.512    3.185    2.916    2.544    2.472  8.428  7.846  7.338  7.041  0.582  0.508  0.805
1.30 -1.7129  0.0631   3.405  3.889  3.931  3.895  3.846  3.723  3.531  3.496 -0.527 -0.042  0.036  0.086  0.208  0.401  0.436    0.040    0.071    0.132    0.178    0.226    0.302    0.339    0.346  3.894  3.929  3.887  3.852 -0.035  0.042  0.078
1.30 -1.7129  0.0708   3.506  3.975  4.010  3.969  3.914  3.783  3.585  3.549 -0.504 -0.035  0.040  0.095  0.227  0.425  0.461    0.043    0.077    0.141    0.189    0.239    0.317    0.354    0.362  3.980  4.008  3.961  3.921 -0.029  0.048  0.087
1.30 -1.7129  0.0794   3.598  4.045  4.071  4.025  3.962  3.821  3.616  3.580 -0.473 -0.025  0.046  0.108  0.250  0.454  0.491    0.047    0.082    0.148    0.198    0.249    0.327    0.364    0.371  4.051  4.070  4.015  3.970 -0.019  0.055  0.100
1.30 -1.7129  0.0891   3.684  4.112  4.127  4.074  4.002  3.846  3.629  3.591 -0.443 -0.015  0.053  0.125  0.281  0.498  0.536    0.050    0.087    0.155    0.206    0.257    0.333    0.366    0.373  4.118  4.127  4.062  4.010 -0.009  0.064  0.116
1.30 -1.7129  0.1000   3.783  4.192  4.195  4.135  4.054  3.883  3.656  3.615 -0.413 -0.004  0.060  0.142  0.313  0.540  0.580    0.055    0.093    0.165    0.217    0.269    0.343    0.373    0.380  4.197  4.196  4.122  4.063  0.002  0.074  0.133
1.30 -1.7129  0.1122   3.830  4.102  3.822  3.518  3.164  2.586  2.022  1.906  0.009  0.280  0.303  0.657  1.235  1.800  1.916    0.057    0.085    0.116    0.123    0.118    0.104    0.083    0.078  4.123  3.830  3.457  3.191  0.293  0.373  0.639
1.30 -1.7129  0.1259   3.935  4.174  3.864  3.543  3.172  2.573  1.995  1.876  0.071  0.309  0.322  0.693  1.292  1.869  1.989    0.063    0.090    0.120    0.125    0.118    0.102    0.080    0.076  4.197  3.873  3.478  3.199  0.324  0.395  0.674
1.30 -1.7129  0.1413   4.033  4.245  3.922  3.593  3.214  2.605  2.020  1.898  0.111  0.323  0.329  0.708  1.317  1.902  2.024    0.068    0.096    0.126    0.130    0.122    0.104    0.082    0.077  4.269  3.931  3.526  3.242  0.338  0.405  0.689
1.30 -1.7129  0.1585   4.135  4.320  3.975  3.632  3.241  2.615  2.020  1.895  0.160  0.345  0.343  0.734  1.359  1.954  2.080    0.074    0.102    0.132    0.134    0.125    0.105    0.081    0.076  4.345  3.985  3.563  3.270  0.360  0.421  0.715
1.30 -1.7129  0.1778   4.232  4.395  4.037  3.687  3.289  2.653  2.051  1.923  0.194  0.358  0.350  0.748  1.384  1.986  2.114    0.081    0.109    0.139    0.140    0.130    0.108    0.083    0.078  4.421  4.048  3.618  3.319  0.373  0.430  0.729
1.30 -1.7129  0.1995   4.327  4.472  4.098  3.738  3.330  2.680  2.068  1.937  0.229  0.374  0.360  0.768  1.418  2.030  2.160    0.088    0.116    0.146    0.146    0.134    0.110    0.084    0.078  4.498  4.109  3.667  3.360  0.389  0.442  0.749
1.30 -1.7129  0.2239   4.431  4.568  4.194  3.836  3.427  2.775  2.161  2.028  0.237  0.373  0.359  0.767  1.419  2.033  2.166    0.096    0.126    0.159    0.159    0.146    0.119    0.091    0.085  4.593  4.205  3.765  3.458  0.388  0.440  0.748
1.30 -1.7129  0.2512   4.520  4.649  4.282  3.929  3.525  2.877  2.265  2.132  0.238  0.367  0.352  0.756  1.404  2.016  2.149    0.104    0.136    0.171    0.173    0.158    0.130    0.100    0.093  4.673  4.293  3.860  3.556  0.380  0.433  0.737
1.30 -1.7129  0.2818   4.612  4.739  4.383  4.039  3.642  3.001  2.393  2.260  0.230  0.356  0.344  0.741  1.382  1.990  2.123    0.113    0.147    0.187    0.190    0.175    0.145    0.111    0.104  4.763  4.394  3.971  3.672  0.368  0.423  0.722
1.30 -1.7129  0.3162   4.715  4.845  4.504  4.173  3.787  3.162  2.564  2.433  0.212  0.342  0.331  0.717  1.342  1.940  2.071    0.123    0.161    0.208    0.214    0.200    0.168    0.130    0.121  4.867  4.515  4.107  3.817  0.352  0.408  0.698
1.30 -1.7129  0.3548   4.805  4.925  4.575  4.242  3.856  3.233  2.638  2.508  0.230  0.349  0.333  0.719  1.342  1.937  2.067    0.133    0.172    0.221    0.227    0.212    0.178    0.138    0.129  4.947  4.587  4.176  3.887  0.359  0.412  0.701
1.30 -1.7129  0.3981   4.906  5.013  4.654  4.318  3.930  3.308  2.716  2.586  0.252  0.359  0.337  0.724  1.346  1.939  2.069    0.146    0.186    0.237    0.242    0.225    0.190    0.148    0.138  5.036  4.667  4.251  3.961  0.369  0.416  0.706
1.30 -1.7129  0.4467   5.011  5.106  4.741  4.402  4.013  3.392  2.799  2.670  0.270  0.365  0.339  0.728  1.350  1.942  2.071    0.159    0.201    0.255    0.260    0.242    0.204    0.159    0.149  5.129  4.754  4.335  4.044  0.374  0.419  0.710
1.30 -1.7129  0.5012   5.113  5.202  4.841  4.508  4.125  3.517  2.933  2.806  0.272  0.361  0.333  0.716  1.324  1.908  2.035    0.174    0.219    0.278    0.285    0.267    0.228    0.179    0.168  5.224  4.855  4.442  4.156  0.370  0.412  0.698
1.30 -1.7129  0.5623   5.221  5.294  4.923  4.586  4.201  3.594  3.013  2.886  0.298  0.371  0.337  0.722  1.328  1.910  2.037    0.191    0.237    0.298    0.305    0.285    0.244    0.191    0.180  5.316  4.937  4.520  4.233  0.380  0.417  0.704
1.30 -1.7129  0.6310   5.353  5.407  5.016  4.672  4.281  3.670  3.088  2.962  0.337  0.391  0.344  0.734  1.346  1.928  2.054    0.215    0.262    0.323    0.328    0.305    0.260    0.204    0.192  5.430  5.031  4.604  4.313  0.399  0.426  0.717
1.30 -1.7129  0.7079   5.472  5.515  5.117  4.776  4.392  3.790  3.220  3.097  0.355  0.398  0.341  0.726  1.328  1.897  2.020    0.239    0.287    0.353    0.360    0.336    0.289    0.229    0.216  5.538  5.132  4.709  4.424  0.405  0.423  0.709
1.30 -1.7129  0.7943   5.585  5.610  5.196  4.848  4.460  3.856  3.291  3.170  0.388  0.414  0.348  0.736  1.340  1.905  2.026    0.263    0.312    0.378    0.382    0.356    0.305    0.244    0.230  5.634  5.212  4.780  4.493  0.422  0.432  0.719
1.30 -1.7129  0.8913   5.705  5.714  5.286  4.932  4.541  3.935  3.375  3.257  0.418  0.428  0.354  0.745  1.352  1.911  2.030    0.293    0.342    0.409    0.411    0.382    0.327    0.262    0.248  5.739  5.303  4.864  4.574  0.436  0.439  0.729
1.30 -1.7129  1.0000   5.814  5.815  5.376  5.023  4.632  4.029  3.480  3.365  0.437  0.439  0.353  0.745  1.347  1.897  2.011    0.322    0.374    0.442    0.445    0.413    0.355    0.287    0.272  5.840  5.394  4.955  4.665  0.446  0.439  0.728
1.30 -1.7129  1.1220   5.891  5.874  5.398  5.027  4.622  4.006  3.451  3.337  0.493  0.476  0.371  0.776  1.393  1.947  2.062    0.345    0.393    0.449    0.445    0.408    0.346    0.278    0.264  5.901  5.417  4.956  4.657  0.485  0.460  0.760
1.30 -1.7129  1.2589   5.971  5.916  5.383  4.981  4.553  3.910  3.341  3.224  0.588  0.534  0.402  0.830  1.472  2.042  2.159    0.369    0.406    0.440    0.424    0.381    0.315    0.250    0.237  5.948  5.402  4.904  4.588  0.546  0.498  0.814
1.30 -1.7129  1.4125   6.233  6.169  5.667  5.284  4.872  4.250  3.696  3.583  0.566  0.502  0.383  0.795  1.417  1.971  2.084    0.466    0.509    0.568    0.557    0.507    0.428    0.345    0.328  6.199  5.686  5.211  4.908  0.512  0.475  0.778
1.30 -1.7129  1.5849   6.333  6.263  5.748  5.360  4.947  4.325  3.775  3.663  0.585  0.515  0.387  0.801  1.422  1.973  2.085    0.509    0.552    0.609    0.594    0.541    0.456    0.369    0.351  6.293  5.768  5.287  4.984  0.525  0.480  0.784
1.30 -1.7129  1.7783   6.434  6.361  5.827  5.433  5.015  4.393  3.845  3.734  0.606  0.533  0.395  0.812  1.434  1.983  2.094    0.556    0.602    0.652    0.632    0.573    0.483    0.391    0.373  6.392  5.848  5.359  5.052  0.544  0.489  0.796
1.30 -1.7129  1.9953   6.543  6.469  5.924  5.525  5.105  4.487  3.943  3.833  0.620  0.546  0.399  0.818  1.436  1.981  2.090    0.612    0.662    0.710    0.685    0.620    0.525    0.427    0.407  6.501  5.945  5.450  5.143  0.556  0.495  0.802
1.30 -1.7129  2.2387   6.651  6.580  6.026  5.625  5.205  4.589  4.047  3.939  0.625  0.553  0.401  0.821  1.437  1.979  2.088    0.673    0.730    0.777    0.749    0.677    0.574    0.468    0.446  6.612  6.049  5.551  5.244  0.563  0.498  0.805
1.30 -1.7129  2.5119   6.762  6.695  6.142  5.742  5.325  4.715  4.179  4.072  0.620  0.553  0.399  0.817  1.426  1.962  2.069    0.742    0.808    0.860    0.830    0.753    0.642    0.526    0.502  6.727  6.164  5.669  5.364  0.563  0.495  0.800
1.30 -1.7129  2.8184   6.847  6.784  6.232  5.835  5.420  4.815  4.283  4.177  0.614  0.552  0.397  0.813  1.417  1.949  2.055    0.799    0.873    0.931    0.900    0.818    0.701    0.576    0.551  6.816  6.255  5.762  5.459  0.560  0.493  0.796
1.30 -1.7129  3.1623   6.975  6.914  6.353  5.954  5.538  4.938  4.411  4.307  0.622  0.561  0.399  0.815  1.415  1.942  2.046    0.896    0.980    1.036    1.000    0.908    0.782    0.645    0.619  6.946  6.377  5.881  5.578  0.569  0.496  0.798
1.30 -1.7129  3.5481   7.100  7.042  6.470  6.067  5.648  5.052  4.527  4.424  0.629  0.572  0.404  0.822  1.418  1.943  2.046    1.001    1.099    1.150    1.106    1.002    0.865    0.716    0.686  7.075  6.495  5.994  5.690  0.580  0.501  0.805
1.30 -1.7129  3.9811   7.215  7.163  6.583  6.176  5.756  5.165  4.645  4.543  0.632  0.580  0.407  0.827  1.418  1.938  2.040    1.110    1.224    1.271    1.218    1.102    0.957    0.795    0.763  7.197  6.609  6.104  5.799  0.588  0.505  0.810
1.30 -1.7129  4.4668   7.330  7.282  6.696  6.285  5.864  5.278  4.761  4.660  0.634  0.587  0.410  0.831  1.417  1.935  2.035    1.228    1.361    1.405    1.342    1.213    1.058    0.881    0.847  7.317  6.722  6.213  5.908  0.594  0.509  0.814
1.30 -1.7129  5.0119   7.433  7.394  6.801  6.387  5.965  5.384  4.871  4.772  0.633  0.594  0.413  0.836  1.416  1.930  2.029    1.346    1.504    1.542    1.469    1.326    1.162    0.971    0.935  7.430  6.828  6.316  6.010  0.601  0.513  0.818
1.30 -1.7129  5.6234   7.538  7.505  6.900  6.481  6.056  5.476  4.964  4.866  0.638  0.606  0.419  0.844  1.424  1.936  2.034    1.477    1.660    1.684    1.597    1.437    1.260    1.055    1.016  7.542  6.929  6.410  6.102  0.613  0.519  0.827
1.30 -1.7129  6.3096   7.636  7.621  7.006  6.584  6.157  5.579  5.069  4.972  0.630  0.614  0.422  0.849  1.427  1.937  2.034    1.611    1.840    1.851    1.749    1.572    1.380    1.158    1.117  7.658  7.036  6.513  6.205  0.622  0.523  0.831
1.30 -1.7129  7.0795   7.729  7.726  7.103  6.677  6.249  5.672  5.166  5.070  0.627  0.624  0.425  0.853  1.430  1.937  2.033    1.750    2.021    2.016    1.900    1.706    1.500    1.262    1.218  7.765  7.133  6.607  6.298  0.631  0.527  0.835
1.30 -1.7129  7.9433   7.834  7.830  7.197  6.768  6.339  5.762  5.257  5.162  0.637  0.633  0.429  0.859  1.435  1.940  2.035    1.922    2.217    2.192    2.059    1.846    1.623    1.368    1.322  7.870  7.229  6.698  6.389  0.641  0.531  0.840
1.30 -1.7129  8.9125   7.940  7.934  7.293  6.861  6.431  5.855  5.353  5.259  0.647  0.641  0.432  0.863  1.438  1.941  2.035    2.112    2.432    2.388    2.237    2.004    1.763    1.490    1.441  7.975  7.326  6.793  6.483  0.649  0.534  0.843
1.30 -1.7129 10.0000   8.059  8.054  7.410  6.978  6.547  5.975  5.477  5.384  0.649  0.644  0.433  0.863  1.435  1.933  2.026    2.350    2.709    2.653    2.483    2.225    1.964    1.666    1.613  8.096  7.445  6.910  6.602  0.651  0.534  0.843
1.30 -1.7129 11.2202   8.155  8.149  7.499  7.064  6.633  6.062  5.565  5.473  0.656  0.649  0.435  0.866  1.438  1.934  2.026    2.560    2.947    2.871    2.681    2.401    2.121    1.802    1.746  8.191  7.535  6.998  6.690  0.656  0.536  0.845
1.30 -1.7129 12.5893   8.252  8.243  7.590  7.153  6.721  6.151  5.657  5.566  0.662  0.653  0.437  0.868  1.438  1.933  2.024    2.786    3.201    3.107    2.897    2.593    2.294    1.952    1.893  8.286  7.626  7.089  6.780  0.660  0.538  0.846
1.30 -1.7129 14.1254   8.349  8.336  7.688  7.252  6.824  6.259  5.768  5.677  0.661  0.648  0.436  0.865  1.429  1.920  2.012    3.025    3.460    3.375    3.151    2.826    2.513    2.145    2.080  8.379  7.726  7.191  6.885  0.653  0.535  0.841
1.30 -1.7129 15.8489   8.439  8.423  7.777  7.342  6.912  6.350  5.858  5.766  0.662  0.645  0.436  0.865  1.428  1.919  2.011    3.261    3.717    3.635    3.393    3.043    2.710    2.312    2.241  8.466  7.816  7.282  6.976  0.650  0.534  0.840
1.30 -1.7129 17.7828   8.536  8.508  7.875  7.441  7.013  6.452  5.959  5.866  0.661  0.633  0.434  0.862  1.423  1.916  2.009    3.531    3.985    3.939    3.684    3.308    2.949    2.512    2.434  8.552  7.915  7.385  7.080  0.637  0.530  0.835
1.30 -1.3146  0.0631   3.417  3.811  3.762  3.663  3.536  3.278  2.988  2.937 -0.345  0.048  0.100  0.227  0.485  0.774  0.825    0.040    0.067    0.113    0.144    0.170    0.201    0.206    0.207  3.818  3.764  3.640  3.548  0.054  0.124  0.216
1.30 -1.3146  0.0708   3.508  3.891  3.841  3.744  3.620  3.371  3.091  3.043 -0.333  0.049  0.097  0.221  0.471  0.750  0.799    0.043    0.071    0.121    0.154    0.183    0.217    0.225    0.227  3.898  3.844  3.722  3.633  0.054  0.122  0.211
1.30 -1.3146  0.0794   3.613  3.985  3.926  3.822  3.692  3.435  3.153  3.104 -0.312  0.060  0.103  0.233  0.491  0.772  0.821    0.047    0.077    0.130    0.165    0.194    0.229    0.238    0.240  3.993  3.928  3.799  3.705  0.064  0.129  0.223
1.30 -1.3146  0.0891   3.712  4.069  3.996  3.886  3.746  3.478  3.190  3.140 -0.285  0.072  0.111  0.250  0.518  0.806  0.857    0.052    0.083    0.138    0.174    0.204    0.238    0.245    0.246  4.076  4.000  3.861  3.760  0.076  0.139  0.240
1.30 -1.3146  0.1000   3.813  4.157  4.075  3.959  3.813  3.539  3.246  3.194 -0.263  0.081  0.116  0.262  0.537  0.829  0.882    0.057    0.090    0.148    0.185    0.216    0.250    0.256    0.258  4.164  4.079  3.932  3.828  0.085  0.147  0.251
1.30 -1.3146  0.1122   3.902  4.157  3.856  3.534  3.157  2.525  1.914  1.782  0.045  0.301  0.322  0.700  1.332  1.942  2.074    0.061    0.089    0.120    0.125    0.117    0.098    0.075    0.070  4.178  3.866  3.470  3.186  0.312  0.396  0.680
1.30 -1.3146  0.1259   4.000  4.241  3.929  3.600  3.216  2.575  1.959  1.825  0.071  0.312  0.329  0.713  1.354  1.970  2.104    0.067    0.096    0.128    0.132    0.123    0.102    0.078    0.072  4.263  3.940  3.535  3.247  0.323  0.404  0.693
1.30 -1.3146  0.1413   4.100  4.326  3.993  3.650  3.252  2.590  1.961  1.823  0.106  0.333  0.344  0.742  1.404  2.033  2.171    0.073    0.104    0.135    0.137    0.127    0.103    0.077    0.072  4.349  4.005  3.583  3.283  0.344  0.422  0.722
1.30 -1.3146  0.1585   4.200  4.412  4.053  3.689  3.270  2.577  1.928  1.784  0.147  0.359  0.364  0.783  1.475  2.125  2.269    0.079    0.111    0.142    0.141    0.128    0.101    0.075    0.069  4.436  4.065  3.619  3.303  0.371  0.446  0.762
1.30 -1.3146  0.1778   4.311  4.515  4.150  3.780  3.354  2.647  1.988  1.841  0.162  0.366  0.370  0.796  1.503  2.161  2.308    0.087    0.122    0.154    0.153    0.138    0.107    0.079    0.072  4.540  4.162  3.709  3.387  0.378  0.453  0.775
1.30 -1.3146  0.1995   4.414  4.611  4.251  3.888  3.464  2.757  2.098  1.950  0.163  0.359  0.364  0.787  1.494  2.153  2.301    0.096    0.133    0.169    0.168    0.152    0.118    0.086    0.080  4.635  4.264  3.818  3.498  0.371  0.446  0.766
1.30 -1.3146  0.2239   4.526  4.714  4.366  4.012  3.594  2.889  2.232  2.083  0.160  0.348  0.354  0.772  1.477  2.134  2.284    0.105    0.145    0.187    0.188    0.170    0.133    0.097    0.089  4.737  4.379  3.944  3.628  0.358  0.434  0.751
1.30 -1.3146  0.2512   4.613  4.791  4.459  4.119  3.715  3.025  2.377  2.229  0.154  0.332  0.340  0.744  1.434  2.082  2.229    0.114    0.155    0.202    0.206    0.189    0.150    0.111    0.102  4.812  4.471  4.054  3.747  0.341  0.417  0.724
1.30 -1.3146  0.2818   4.703  4.867  4.541  4.208  3.810  3.126  2.482  2.336  0.161  0.326  0.333  0.732  1.415  2.059  2.206    0.123    0.165    0.217    0.223    0.205    0.164    0.121    0.112  4.888  4.554  4.144  3.842  0.334  0.410  0.712
1.30 -1.3146  0.3162   4.783  4.936  4.628  4.309  3.921  3.250  2.610  2.463  0.155  0.307  0.320  0.707  1.378  2.018  2.165    0.132    0.175    0.234    0.243    0.226    0.182    0.136    0.125  4.955  4.640  4.247  3.953  0.315  0.393  0.687
1.30 -1.3146  0.3548   4.874  5.013  4.709  4.398  4.020  3.368  2.741  2.597  0.165  0.304  0.311  0.689  1.341  1.968  2.113    0.142    0.187    0.251    0.262    0.247    0.202    0.152    0.141  5.032  4.721  4.337  4.052  0.310  0.384  0.669
1.30 -1.3146  0.3981   4.974  5.093  4.776  4.461  4.081  3.430  2.806  2.663  0.198  0.317  0.315  0.694  1.345  1.970  2.113    0.155    0.201    0.265    0.277    0.260    0.213    0.161    0.149  5.112  4.789  4.400  4.113  0.323  0.389  0.675
1.30 -1.3146  0.4467   5.082  5.180  4.851  4.531  4.149  3.498  2.874  2.731  0.232  0.329  0.319  0.701  1.353  1.976  2.120    0.171    0.216    0.283    0.294    0.275    0.226    0.171    0.158  5.199  4.864  4.470  4.182  0.335  0.394  0.682
1.30 -1.3146  0.5012   5.218  5.295  4.953  4.630  4.247  3.597  2.982  2.842  0.265  0.342  0.324  0.707  1.356  1.971  2.111    0.192    0.239    0.309    0.320    0.299    0.246    0.187    0.174  5.315  4.967  4.567  4.279  0.347  0.400  0.688
1.30 -1.3146  0.5623   5.342  5.396  5.034  4.700  4.310  3.656  3.045  2.907  0.308  0.362  0.334  0.724  1.378  1.989  2.127    0.215    0.261    0.331    0.340    0.316    0.259    0.198    0.184  5.417  5.049  4.636  4.343  0.368  0.413  0.705
1.30 -1.3146  0.6310   5.472  5.511  5.125  4.781  4.381  3.719  3.108  2.972  0.347  0.387  0.344  0.744  1.405  2.017  2.152    0.241    0.289    0.359    0.364    0.336    0.273    0.208    0.194  5.533  5.140  4.715  4.415  0.393  0.425  0.725
1.30 -1.3146  0.7079   5.605  5.626  5.230  4.886  4.489  3.832  3.229  3.096  0.376  0.396  0.344  0.741  1.397  2.001  2.133    0.271    0.319    0.393    0.399    0.369    0.301    0.232    0.216  5.648  5.245  4.820  4.523  0.403  0.425  0.723
1.30 -1.3146  0.7943   5.729  5.726  5.314  4.966  4.565  3.908  3.307  3.175  0.414  0.412  0.349  0.749  1.407  2.008  2.140    0.302    0.349    0.423    0.428    0.394    0.321    0.248    0.232  5.749  5.331  4.899  4.600  0.418  0.432  0.731
1.30 -1.3146  0.8913   5.858  5.833  5.406  5.051  4.647  3.987  3.387  3.256  0.452  0.427  0.355  0.759  1.419  2.019  2.150    0.339    0.383    0.458    0.461    0.423    0.344    0.266    0.248  5.857  5.423  4.983  4.682  0.434  0.439  0.741
1.30 -1.3146  1.0000   5.973  5.929  5.488  5.130  4.726  4.070  3.477  3.348  0.485  0.441  0.358  0.762  1.417  2.011  2.139    0.375    0.416    0.491    0.493    0.452    0.370    0.287    0.269  5.953  5.505  5.062  4.761  0.448  0.444  0.744
1.30 -1.3146  1.1220   6.079  6.017  5.561  5.198  4.791  4.136  3.546  3.418  0.518  0.456  0.363  0.770  1.425  2.016  2.143    0.411    0.450    0.523    0.522    0.478    0.391    0.305    0.286  6.043  5.579  5.129  4.827  0.463  0.450  0.752
1.30 -1.3146  1.2589   6.147  6.058  5.552  5.163  4.737  4.064  3.467  3.339  0.595  0.506  0.389  0.815  1.488  2.085  2.213    0.436    0.465    0.517    0.503    0.453    0.364    0.282    0.264  6.087  5.571  5.089  4.773  0.515  0.482  0.798
1.30 -1.3146  1.4125   6.320  6.197  5.650  5.233  4.783  4.085  3.467  3.334  0.670  0.547  0.417  0.866  1.565  2.183  2.316    0.507    0.524    0.561    0.533    0.469    0.369    0.280    0.261  6.229  5.670  5.156  4.822  0.559  0.514  0.848
1.30 -1.3146  1.5849   6.473  6.356  5.824  5.423  4.991  4.323  3.730  3.604  0.648  0.532  0.401  0.833  1.502  2.095  2.221    0.580    0.603    0.655    0.631    0.565    0.456    0.354    0.333  6.387  5.845  5.348  5.029  0.542  0.497  0.816
1.30 -1.3146  1.7783   6.590  6.476  5.923  5.515  5.081  4.414  3.826  3.702  0.667  0.553  0.408  0.842  1.509  2.097  2.221    0.643    0.670    0.714    0.684    0.610    0.494    0.385    0.363  6.508  5.944  5.440  5.119  0.564  0.505  0.825
1.30 -1.3146  1.9953   6.718  6.602  6.022  5.604  5.163  4.494  3.906  3.782  0.697  0.580  0.418  0.859  1.528  2.116  2.239    0.721    0.749    0.779    0.739    0.655    0.529    0.413    0.389  6.636  6.044  5.527  5.202  0.591  0.518  0.842
1.30 -1.3146  2.2387   6.831  6.716  6.124  5.703  5.262  4.599  4.017  3.896  0.706  0.592  0.421  0.862  1.525  2.108  2.229    0.796    0.829    0.852    0.806    0.715    0.581    0.456    0.430  6.751  6.148  5.626  5.302  0.603  0.522  0.846
1.30 -1.3146  2.5119   6.946  6.838  6.244  5.822  5.383  4.727  4.151  4.031  0.703  0.594  0.421  0.861  1.516  2.093  2.213    0.881    0.923    0.946    0.895    0.795    0.650    0.513    0.484  6.873  6.267  5.746  5.423  0.605  0.522  0.844
1.30 -1.3146  2.8184   7.034  6.928  6.337  5.916  5.477  4.824  4.247  4.127  0.697  0.592  0.421  0.860  1.513  2.089  2.209    0.951    0.999    1.026    0.971    0.863    0.707    0.558    0.527  6.963  6.360  5.840  5.518  0.603  0.521  0.843
1.30 -1.3146  3.1623   7.157  7.055  6.455  6.032  5.593  4.948  4.377  4.259  0.702  0.600  0.423  0.863  1.508  2.078  2.196    1.061    1.118    1.140    1.077    0.957    0.790    0.627    0.593  7.090  6.480  5.956  5.634  0.610  0.524  0.845
1.30 -1.3146  3.5481   7.279  7.180  6.571  6.143  5.702  5.060  4.492  4.375  0.708  0.610  0.428  0.869  1.511  2.079  2.196    1.183    1.250    1.263    1.188    1.054    0.873    0.694    0.657  7.216  6.596  6.067  5.744  0.620  0.529  0.852
1.30 -1.3146  3.9811   7.388  7.297  6.676  6.243  5.799  5.160  4.596  4.480  0.713  0.622  0.433  0.876  1.515  2.080  2.196    1.303    1.387    1.386    1.298    1.148    0.954    0.760    0.721  7.334  6.702  6.166  5.843  0.633  0.536  0.859
1.30 -1.3146  4.4668   7.494  7.406  6.772  6.334  5.888  5.250  4.687  4.572  0.722  0.634  0.438  0.884  1.522  2.085  2.201    1.432    1.528    1.510    1.407    1.242    1.032    0.824    0.782  7.444  6.799  6.258  5.933  0.645  0.542  0.867
1.30 -1.3146  5.0119   7.595  7.524  6.883  6.442  5.995  5.361  4.801  4.687  0.712  0.642  0.441  0.887  1.522  2.082  2.196    1.565    1.697    1.666    1.548    1.366    1.139    0.912    0.866  7.563  6.910  6.366  6.041  0.653  0.545  0.870
1.30 -1.3146  5.6234   7.705  7.633  6.979  6.533  6.085  5.451  4.894  4.781  0.726  0.654  0.446  0.894  1.528  2.085  2.198    1.725    1.870    1.813    1.678    1.479    1.233    0.990    0.941  7.674  7.007  6.457  6.132  0.666  0.550  0.875
1.30 -1.3146  6.3096   7.820  7.746  7.081  6.631  6.182  5.549  4.995  4.883  0.739  0.665  0.450  0.899  1.532  2.086  2.197    1.912    2.068    1.985    1.830    1.611    1.345    1.083    1.031  7.788  7.110  6.555  6.230  0.678  0.555  0.880
1.30 -1.3146  7.0795   7.945  7.868  7.193  6.740  6.290  5.661  5.111  5.001  0.752  0.675  0.453  0.903  1.532  2.083  2.192    2.138    2.306    2.195    2.016    1.774    1.486    1.201    1.145  7.911  7.223  6.665  6.340  0.688  0.559  0.884
1.30 -1.3146  7.9433   8.052  7.971  7.286  6.829  6.378  5.749  5.202  5.093  0.766  0.685  0.457  0.908  1.537  2.085  2.193    2.353    2.529    2.383    2.181    1.918    1.607    1.302    1.242  8.016  7.317  6.754  6.429  0.699  0.563  0.889
1.30 -1.3146  8.9125   8.163  8.079  7.384  6.923  6.471  5.843  5.298  5.191  0.779  0.695  0.461  0.913  1.541  2.086  2.193    2.597    2.783    2.600    2.371    2.083    1.747    1.419    1.355  8.124  7.416  6.849  6.523  0.708  0.567  0.893
1.30 -1.3146 10.0000   8.279  8.194  7.492  7.029  6.577  5.951  5.411  5.304  0.787  0.701  0.464  0.916  1.541  2.082  2.188    2.882    3.084    2.864    2.606    2.288    1.924    1.569    1.500  8.240  7.525  6.955  6.630  0.715  0.570  0.895
1.30 -1.3146 11.2202   8.380  8.291  7.582  7.115  6.661  6.037  5.498  5.393  0.799  0.710  0.467  0.921  1.545  2.084  2.189    3.156    3.366    3.102    2.813    2.467    2.076    1.696    1.624  8.339  7.615  7.042  6.716  0.724  0.573  0.899
1.30 -1.3146 12.5893   8.494  8.401  7.682  7.211  6.755  6.131  5.593  5.489  0.812  0.718  0.471  0.927  1.552  2.089  2.194    3.497    3.715    3.396    3.068    2.685    2.259    1.847    1.770  8.450  7.717  7.140  6.812  0.733  0.578  0.905
1.30 -1.3146 14.1254   8.557  8.466  7.744  7.272  6.816  6.194  5.660  5.556  0.813  0.721  0.472  0.928  1.550  2.085  2.189    3.678    3.913    3.568    3.220    2.818    2.376    1.949    1.868  8.515  7.780  7.201  6.875  0.735  0.579  0.905
1.30 -1.3146 15.8489   8.695  8.601  7.884  7.412  6.959  6.344  5.816  5.713  0.811  0.717  0.472  0.925  1.540  2.068  2.171    4.144    4.401    4.027    3.636    3.188    2.707    2.233    2.143  8.651  7.921  7.345  7.020  0.730  0.577  0.901
1.30 -1.3146 17.7828   8.761  8.665  7.964  7.495  7.044  6.434  5.907  5.803  0.797  0.701  0.468  0.919  1.530  2.057  2.160    4.368    4.629    4.299    3.896    3.423    2.919    2.409    2.310  8.714  8.002  7.431  7.108  0.712  0.571  0.894
1.30 -0.7052  0.0631   3.497  3.910  3.843  3.708  3.532  3.179  2.774  2.690 -0.346  0.067  0.135  0.310  0.664  1.069  1.153    0.043    0.073    0.121    0.150    0.170    0.183    0.169    0.165  3.920  3.844  3.678  3.548  0.076  0.167  0.297
1.30 -0.7052  0.0708   3.596  3.988  3.914  3.778  3.603  3.253  2.855  2.773 -0.318  0.074  0.136  0.311  0.661  1.059  1.141    0.047    0.078    0.129    0.159    0.180    0.195    0.181    0.177  3.998  3.916  3.747  3.618  0.082  0.168  0.298
1.30 -0.7052  0.0794   3.700  4.073  3.996  3.862  3.692  3.352  2.969  2.890 -0.296  0.077  0.134  0.304  0.644  1.027  1.106    0.051    0.084    0.139    0.171    0.194    0.213    0.201    0.197  4.082  3.998  3.832  3.707  0.084  0.166  0.291
1.30 -0.7052  0.0891   3.799  4.149  4.064  3.929  3.759  3.421  3.044  2.967 -0.266  0.084  0.135  0.306  0.644  1.020  1.098    0.056    0.090    0.147    0.181    0.206    0.226    0.214    0.210  4.158  4.067  3.899  3.774  0.091  0.168  0.293
1.30 -0.7052  0.1000   3.890  4.223  4.133  3.996  3.824  3.487  3.115  3.039 -0.243  0.091  0.136  0.309  0.646  1.017  1.094    0.061    0.096    0.156    0.192    0.218    0.239    0.228    0.224  4.233  4.136  3.966  3.840  0.097  0.170  0.296
1.30 -0.7052  0.1122   3.980  4.295  4.175  4.005  3.775  3.330  2.849  2.737 -0.195  0.120  0.170  0.400  0.845  1.326  1.438    0.066    0.102    0.161    0.192    0.207    0.206    0.177    0.169  4.306  4.179  3.969  3.795  0.126  0.211  0.384
1.30 -0.7052  0.1259   4.069  4.338  4.115  3.817  3.336  2.529  1.781  1.589 -0.046  0.223  0.298  0.779  1.586  2.333  2.526    0.071    0.105    0.152    0.161    0.138    0.098    0.066    0.058  4.355  4.124  3.761  3.371  0.231  0.362  0.753
1.30 -0.7052  0.1413   4.167  4.424  4.205  3.915  3.436  2.628  1.881  1.684 -0.038  0.219  0.290  0.769  1.577  2.325  2.521    0.077    0.114    0.165    0.176    0.150    0.107    0.072    0.063  4.440  4.214  3.861  3.471  0.226  0.353  0.743
1.30 -0.7052  0.1585   4.253  4.497  4.283  4.006  3.543  2.751  2.014  1.818 -0.030  0.213  0.277  0.741  1.532  2.269  2.465    0.083    0.121    0.176    0.190    0.165    0.119    0.081    0.071  4.511  4.292  3.953  3.577  0.219  0.339  0.715
1.30 -0.7052  0.1778   4.344  4.572  4.368  4.106  3.663  2.892  2.167  1.971 -0.025  0.203  0.262  0.705  1.476  2.202  2.397    0.090    0.129    0.189    0.207    0.184    0.135    0.093    0.082  4.585  4.377  4.056  3.696  0.208  0.322  0.681
1.30 -0.7052  0.1995   4.448  4.660  4.456  4.205  3.786  3.039  2.333  2.139 -0.008  0.204  0.251  0.670  1.417  2.123  2.316    0.099    0.139    0.204    0.226    0.205    0.154    0.108    0.095  4.673  4.465  4.156  3.818  0.208  0.308  0.647
1.30 -0.7052  0.2239   4.556  4.748  4.542  4.298  3.896  3.167  2.478  2.287  0.014  0.207  0.244  0.646  1.374  2.063  2.255    0.109    0.150    0.220    0.245    0.225    0.172    0.123    0.108  4.761  4.551  4.250  3.927  0.210  0.301  0.624
1.30 -0.7052  0.2512   4.682  4.854  4.648  4.414  4.041  3.352  2.694  2.510  0.034  0.206  0.234  0.607  1.296  1.954  2.138    0.122    0.165    0.242    0.272    0.256    0.203    0.149    0.133  4.866  4.657  4.368  4.071  0.208  0.289  0.587
1.30 -0.7052  0.2818   4.797  4.944  4.723  4.481  4.103  3.414  2.760  2.580  0.074  0.222  0.241  0.620  1.308  1.962  2.142    0.134    0.178    0.257    0.287    0.270    0.214    0.157    0.141  4.957  4.733  4.433  4.133  0.225  0.299  0.599
1.30 -0.7052  0.3162   4.929  5.050  4.810  4.559  4.174  3.481  2.829  2.651  0.119  0.240  0.251  0.636  1.329  1.981  2.159    0.151    0.196    0.278    0.308    0.287    0.227    0.167    0.150  5.064  4.821  4.510  4.205  0.243  0.311  0.616
1.30 -0.7052  0.3548   5.072  5.163  4.910  4.652  4.260  3.560  2.906  2.728  0.162  0.253  0.258  0.650  1.350  2.004  2.182    0.172    0.216    0.303    0.333    0.310    0.243    0.178    0.160  5.177  4.921  4.601  4.292  0.256  0.320  0.629
1.30 -0.7052  0.3981   5.211  5.268  5.003  4.743  4.357  3.668  3.025  2.852  0.208  0.265  0.260  0.646  1.335  1.978  2.151    0.194    0.237    0.329    0.361    0.337    0.267    0.198    0.178  5.283  5.014  4.692  4.388  0.268  0.323  0.626
1.30 -0.7052  0.4467   5.351  5.370  5.086  4.817  4.423  3.727  3.083  2.910  0.265  0.284  0.269  0.663  1.358  2.003  2.176    0.220    0.259    0.353    0.385    0.356    0.281    0.208    0.187  5.385  5.098  4.764  4.455  0.287  0.334  0.642
1.30 -0.7052  0.5012   5.494  5.477  5.175  4.897  4.495  3.791  3.143  2.970  0.319  0.302  0.278  0.680  1.385  2.032  2.206    0.250    0.285    0.382    0.412    0.379    0.296    0.219    0.197  5.493  5.188  4.843  4.528  0.306  0.345  0.660
1.30 -0.7052  0.5623   5.627  5.581  5.260  4.973  4.563  3.850  3.200  3.026  0.367  0.321  0.287  0.698  1.410  2.060  2.234    0.281    0.312    0.411    0.440    0.402    0.312    0.230    0.207  5.598  5.274  4.917  4.597  0.324  0.356  0.677
1.30 -0.7052  0.6310   5.760  5.688  5.344  5.044  4.625  3.906  3.255  3.082  0.416  0.345  0.300  0.719  1.438  2.088  2.262    0.316    0.343    0.442    0.468    0.423    0.327    0.241    0.216  5.706  5.358  4.986  4.659  0.348  0.372  0.699
1.30 -0.7052  0.7079   5.883  5.796  5.432  5.122  4.697  3.975  3.326  3.152  0.452  0.365  0.309  0.734  1.457  2.106  2.280    0.353    0.377    0.477    0.500    0.451    0.346    0.256    0.230  5.815  5.447  5.063  4.732  0.368  0.384  0.714
1.30 -0.7052  0.7943   6.005  5.906  5.518  5.197  4.766  4.040  3.392  3.218  0.487  0.388  0.321  0.753  1.479  2.127  2.300    0.393    0.415    0.514    0.534    0.477    0.366    0.270    0.243  5.925  5.534  5.136  4.801  0.391  0.398  0.733
1.30 -0.7052  0.8913   6.134  6.021  5.606  5.270  4.829  4.099  3.451  3.278  0.528  0.415  0.336  0.777  1.507  2.155  2.328    0.440    0.459    0.555    0.568    0.504    0.385    0.284    0.256  6.043  5.623  5.207  4.866  0.419  0.417  0.757
1.30 -0.7052  1.0000   6.263  6.142  5.701  5.354  4.907  4.174  3.527  3.355  0.562  0.441  0.347  0.794  1.528  2.174  2.346    0.493    0.511    0.603    0.611    0.539    0.410    0.303    0.273  6.165  5.719  5.288  4.944  0.446  0.431  0.775
1.30 -0.7052  1.1220   6.381  6.260  5.791  5.432  4.980  4.247  3.604  3.434  0.591  0.469  0.359  0.810  1.544  2.187  2.356    0.547    0.566    0.652    0.653    0.574    0.437    0.324    0.292  6.284  5.810  5.365  5.018  0.474  0.445  0.791
1.30 -0.7052  1.2589   6.489  6.354  5.835  5.454  4.991  4.257  3.619  3.453  0.654  0.518  0.382  0.845  1.579  2.217  2.383    0.602    0.615    0.676    0.663    0.576    0.439    0.327    0.296  6.381  5.856  5.382  5.029  0.526  0.474  0.827
1.30 -0.7052  1.4125   6.556  6.396  5.817  5.407  4.935  4.205  3.575  3.417  0.739  0.579  0.410  0.882  1.612  2.241  2.400    0.637    0.636    0.661    0.632    0.545    0.416    0.312    0.285  6.429  5.839  5.331  4.974  0.590  0.508  0.865
1.30 -0.7052  1.5849   6.833  6.666  6.072  5.642  5.137  4.371  3.707  3.536  0.761  0.593  0.430  0.936  1.702  2.365  2.537    0.814    0.807    0.828    0.777    0.650    0.480    0.349    0.315  6.700  6.095  5.564  5.178  0.606  0.531  0.917
1.30 -0.7052  1.7783   6.983  6.824  6.218  5.786  5.290  4.544  3.896  3.729  0.765  0.606  0.432  0.928  1.674  2.322  2.489    0.929    0.929    0.943    0.883    0.744    0.560    0.414    0.374  6.860  6.241  5.708  5.331  0.618  0.534  0.910
1.30 -0.7052  1.9953   7.127  6.963  6.328  5.883  5.388  4.649  4.009  3.847  0.799  0.635  0.444  0.940  1.678  2.319  2.481    1.057    1.051    1.038    0.961    0.811    0.614    0.457    0.415  7.001  6.352  5.803  5.430  0.649  0.549  0.922
1.30 -0.7052  2.2387   7.252  7.086  6.420  5.962  5.461  4.721  4.083  3.923  0.833  0.667  0.458  0.958  1.698  2.337  2.497    1.181    1.173    1.125    1.029    0.864    0.654    0.487    0.443  7.127  6.445  5.880  5.504  0.683  0.565  0.940
1.30 -0.7052  2.5119   7.384  7.210  6.524  6.058  5.554  4.812  4.174  4.015  0.860  0.687  0.466  0.969  1.712  2.350  2.509    1.326    1.309    1.232    1.119    0.937    0.707    0.527    0.480  7.253  6.549  5.975  5.598  0.704  0.574  0.951
1.30 -0.7052  2.8184   7.508  7.327  6.626  6.156  5.653  4.915  4.284  4.127  0.882  0.701  0.470  0.972  1.711  2.342  2.499    1.480    1.451    1.347    1.218    1.022    0.774    0.580    0.530  7.372  6.651  6.072  5.697  0.720  0.579  0.954
1.30 -0.7052  3.1623   7.616  7.432  6.723  6.250  5.748  5.011  4.382  4.226  0.893  0.710  0.473  0.975  1.712  2.341  2.496    1.628    1.592    1.467    1.324    1.110    0.842    0.633    0.579  7.478  6.749  6.167  5.792  0.729  0.582  0.957
1.30 -0.7052  3.5481   7.721  7.532  6.816  6.340  5.838  5.104  4.478  4.324  0.905  0.717  0.476  0.977  1.711  2.337  2.492    1.787    1.740    1.593    1.433    1.202    0.914    0.689    0.631  7.579  6.842  6.257  5.883  0.737  0.586  0.959
1.30 -0.7052  3.9811   7.833  7.639  6.910  6.428  5.925  5.190  4.564  4.411  0.923  0.729  0.482  0.985  1.720  2.346  2.499    1.975    1.911    1.730    1.549    1.297    0.985    0.743    0.681  7.687  6.937  6.345  5.971  0.750  0.592  0.966
1.30 -0.7052  4.4668   7.966  7.769  7.032  6.546  6.042  5.309  4.685  4.534  0.934  0.737  0.486  0.990  1.723  2.346  2.498    2.222    2.145    1.927    1.718    1.438    1.095    0.827    0.759  7.818  7.059  6.462  6.089  0.758  0.597  0.970
1.30 -0.7052  5.0119   8.083  7.877  7.126  6.634  6.127  5.391  4.767  4.616  0.957  0.751  0.492  1.000  1.735  2.359  2.510    2.467    2.362    2.096    1.857    1.550    1.177    0.889    0.816  7.928  7.154  6.550  6.175  0.773  0.604  0.980
1.30 -0.7052  5.6234   8.222  8.016  7.261  6.767  6.262  5.532  4.913  4.765  0.961  0.755  0.493  0.999  1.728  2.347  2.496    2.793    2.675    2.363    2.092    1.749    1.336    1.014    0.932  8.067  7.290  6.684  6.311  0.778  0.605  0.978
1.30 -0.7052  6.3096   8.340  8.124  7.354  6.854  6.345  5.612  4.993  4.844  0.985  0.769  0.500  1.010  1.742  2.362  2.510    3.102    2.944    2.568    2.259    1.881    1.434    1.087    1.000  8.177  7.384  6.771  6.395  0.793  0.613  0.989
1.30 -0.7052  7.0795   8.454  8.231  7.449  6.943  6.430  5.697  5.077  4.929  1.005  0.782  0.506  1.019  1.752  2.372  2.520    3.437    3.238    2.793    2.443    2.029    1.544    1.170    1.078  8.286  7.479  6.860  6.482  0.806  0.620  0.997
1.30 -0.7052  7.9433   8.579  8.348  7.554  7.042  6.526  5.791  5.171  5.024  1.025  0.793  0.512  1.028  1.763  2.383  2.530    3.844    3.594    3.066    2.668    2.209    1.679    1.272    1.173  8.404  7.585  6.959  6.579  0.819  0.626  1.006
1.30 -0.7052  8.9125   8.695  8.453  7.647  7.129  6.610  5.874  5.254  5.108  1.048  0.806  0.518  1.037  1.773  2.393  2.539    4.263    3.947    3.330    2.881    2.380    1.806    1.369    1.263  8.511  7.679  7.046  6.665  0.832  0.633  1.014
1.30 -0.7052 10.0000   8.807  8.555  7.738  7.215  6.693  5.957  5.337  5.192  1.069  0.817  0.523  1.045  1.781  2.401  2.546    4.712    4.323    3.610    3.109    2.561    1.943    1.473    1.360  8.615  7.771  7.132  6.750  0.844  0.638  1.021
1.30 -0.7052 11.2202   8.917  8.653  7.825  7.296  6.772  6.035  5.415  5.272  1.092  0.828  0.529  1.053  1.790  2.410  2.553    5.199    4.720    3.899    3.341    2.745    2.082    1.579    1.459  8.715  7.859  7.214  6.830  0.857  0.644  1.029
1.30 -0.7052 12.5893   9.030  8.751  7.909  7.374  6.845  6.105  5.484  5.342  1.121  0.842  0.536  1.064  1.804  2.425  2.568    5.754    5.151    4.203    3.578    2.928    2.215    1.677    1.552  8.815  7.944  7.292  6.905  0.872  0.652  1.039
1.30 -0.7052 14.1254   9.135  8.843  7.991  7.450  6.920  6.179  5.559  5.418  1.144  0.852  0.540  1.071  1.812  2.432  2.573    6.321    5.592    4.518    3.830    3.128    2.365    1.792    1.660  8.909  8.026  7.369  6.981  0.883  0.657  1.046
1.30 -0.7052 15.8489   9.237  8.937  8.078  7.535  7.004  6.266  5.650  5.511  1.159  0.859  0.543  1.074  1.812  2.428  2.567    6.919    6.075    4.879    4.125    3.369    2.554    1.942    1.803  9.004  8.114  7.455  7.067  0.890  0.660  1.047
1.30 -0.7052 17.7828   9.332  9.028  8.167  7.622  7.092  6.359  5.747  5.610  1.165  0.861  0.545  1.075  1.808  2.420  2.557    7.490    6.557    5.256    4.436    3.627    2.761    2.107    1.960  9.096  8.205  7.543  7.157  0.892  0.661  1.047
1.30 -0.3960  0.0631   3.535  3.931  3.869  3.736  3.558  3.194  2.768  2.669 -0.333  0.062  0.132  0.310  0.675  1.100  1.200    0.045    0.074    0.125    0.154    0.174    0.186    0.168    0.162  3.940  3.870  3.707  3.573  0.070  0.163  0.297
1.30 -0.3960  0.0708   3.631  4.007  3.937  3.803  3.626  3.270  2.857  2.761 -0.305  0.070  0.134  0.311  0.667  1.080  1.176    0.049    0.079    0.132    0.163    0.184    0.198    0.182    0.175  4.016  3.939  3.774  3.642  0.077  0.165  0.297
1.30 -0.3960  0.0794   3.733  4.095  4.020  3.889  3.717  3.377  2.985  2.894 -0.287  0.075  0.131  0.303  0.643  1.035  1.126    0.053    0.086    0.142    0.175    0.199    0.218    0.204    0.198  4.103  4.022  3.860  3.732  0.081  0.163  0.290
1.30 -0.3960  0.0891   3.824  4.169  4.086  3.953  3.779  3.442  3.056  2.966 -0.262  0.083  0.133  0.307  0.644  1.030  1.120    0.058    0.092    0.150    0.185    0.210    0.230    0.217    0.211  4.178  4.089  3.923  3.794  0.089  0.166  0.295
1.30 -0.3960  0.1000   3.916  4.245  4.154  4.018  3.840  3.503  3.120  3.032 -0.238  0.091  0.136  0.314  0.651  1.034  1.122    0.062    0.098    0.159    0.196    0.221    0.243    0.229    0.223  4.254  4.158  3.988  3.856  0.097  0.170  0.301
1.30 -0.3960  0.1122   4.009  4.320  4.225  4.090  3.911  3.575  3.196  3.106 -0.216  0.095  0.135  0.314  0.650  1.029  1.118    0.068    0.104    0.169    0.208    0.235    0.258    0.244    0.237  4.328  4.229  4.060  3.928  0.100  0.168  0.301
1.30 -0.3960  0.1259   4.122  4.395  4.240  4.020  3.560  2.661  1.911  1.666 -0.118  0.155  0.220  0.679  1.579  2.329  2.573    0.075    0.111    0.171    0.195    0.170    0.111    0.075    0.063  4.406  4.246  3.977  3.590  0.160  0.269  0.657
1.30 -0.3960  0.1413   4.225  4.477  4.319  4.105  3.670  2.788  2.052  1.809 -0.093  0.158  0.213  0.649  1.530  2.266  2.510    0.082    0.119    0.183    0.210    0.187    0.124    0.085    0.071  4.488  4.325  4.064  3.698  0.162  0.262  0.628
1.30 -0.3960  0.1585   4.334  4.564  4.402  4.194  3.786  2.936  2.222  1.982 -0.068  0.162  0.208  0.615  1.465  2.180  2.420    0.090    0.129    0.197    0.226    0.207    0.142    0.098    0.083  4.575  4.409  4.152  3.814  0.166  0.256  0.595
1.30 -0.3960  0.1778   4.447  4.654  4.483  4.275  3.884  3.053  2.353  2.117 -0.036  0.171  0.208  0.599  1.430  2.129  2.366    0.100    0.139    0.211    0.243    0.226    0.157    0.111    0.094  4.665  4.490  4.234  3.911  0.175  0.256  0.580
1.30 -0.3960  0.1995   4.572  4.758  4.580  4.374  4.004  3.208  2.531  2.302 -0.008  0.178  0.206  0.576  1.372  2.049  2.278    0.111    0.153    0.230    0.265    0.251    0.180    0.130    0.111  4.770  4.588  4.332  4.030  0.182  0.256  0.558
1.30 -0.3960  0.2239   4.693  4.851  4.664  4.455  4.091  3.308  2.641  2.415  0.029  0.187  0.209  0.572  1.356  2.022  2.248    0.124    0.166    0.247    0.284    0.271    0.197    0.143    0.122  4.863  4.672  4.412  4.117  0.191  0.259  0.554
1.30 -0.3960  0.2512   4.829  4.954  4.760  4.550  4.194  3.424  2.767  2.544  0.070  0.194  0.210  0.566  1.336  1.993  2.216    0.140    0.181    0.269    0.309    0.296    0.218    0.160    0.137  4.966  4.768  4.507  4.219  0.198  0.261  0.549
1.30 -0.3960  0.2818   4.969  5.061  4.860  4.651  4.308  3.570  2.931  2.718  0.109  0.201  0.209  0.552  1.290  1.929  2.142    0.158    0.199    0.294    0.338    0.328    0.249    0.185    0.160  5.073  4.869  4.609  4.334  0.204  0.260  0.535
1.30 -0.3960  0.3162   5.110  5.162  4.944  4.728  4.375  3.631  2.990  2.778  0.165  0.218  0.217  0.569  1.314  1.955  2.166    0.179    0.218    0.316    0.361    0.347    0.262    0.195    0.169  5.174  4.953  4.684  4.401  0.221  0.270  0.552
1.30 -0.3960  0.3548   5.251  5.262  5.031  4.808  4.446  3.696  3.051  2.841  0.220  0.232  0.223  0.585  1.335  1.979  2.190    0.203    0.238    0.341    0.387    0.369    0.277    0.205    0.178  5.275  5.040  4.763  4.473  0.235  0.277  0.567
1.30 -0.3960  0.3981   5.393  5.367  5.118  4.888  4.516  3.761  3.115  2.905  0.275  0.249  0.230  0.602  1.357  2.003  2.213    0.231    0.261    0.368    0.415    0.392    0.293    0.217    0.188  5.380  5.128  4.842  4.544  0.252  0.286  0.584
1.30 -0.3960  0.4467   5.527  5.470  5.201  4.962  4.585  3.836  3.194  2.989  0.326  0.269  0.239  0.616  1.365  2.007  2.212    0.260    0.286    0.395    0.443    0.416    0.312    0.232    0.203  5.484  5.212  4.914  4.614  0.272  0.297  0.598
1.30 -0.3960  0.5012   5.662  5.581  5.288  5.037  4.650  3.896  3.254  3.050  0.374  0.293  0.251  0.639  1.392  2.034  2.239    0.294    0.316    0.427    0.472    0.440    0.329    0.244    0.213  5.596  5.300  4.987  4.679  0.295  0.313  0.621
1.30 -0.3960  0.5623   5.789  5.694  5.380  5.117  4.719  3.960  3.317  3.113  0.410  0.314  0.262  0.660  1.419  2.062  2.267    0.329    0.349    0.462    0.506    0.467    0.347    0.258    0.225  5.709  5.393  5.065  4.750  0.316  0.328  0.643
1.30 -0.3960  0.6310   5.920  5.811  5.469  5.190  4.781  4.016  3.373  3.169  0.452  0.342  0.278  0.688  1.452  2.096  2.300    0.369    0.387    0.500    0.539    0.493    0.364    0.270    0.236  5.827  5.483  5.135  4.812  0.344  0.348  0.671
1.30 -0.3960  0.7079   6.047  5.924  5.549  5.251  4.825  4.045  3.396  3.191  0.498  0.376  0.298  0.723  1.503  2.153  2.358    0.413    0.427    0.536    0.568    0.511    0.372    0.275    0.240  5.942  5.564  5.193  4.858  0.378  0.372  0.706
1.30 -0.3960  0.7943   6.180  6.055  5.649  5.338  4.905  4.118  3.469  3.264  0.531  0.406  0.311  0.744  1.531  2.180  2.385    0.465    0.480    0.585    0.612    0.547    0.396    0.293    0.256  6.075  5.666  5.277  4.939  0.409  0.388  0.727
1.30 -0.3960  0.8913   6.318  6.191  5.749  5.422  4.977  4.187  3.538  3.334  0.568  0.441  0.328  0.773  1.563  2.211  2.415    0.526    0.541    0.639    0.659    0.582    0.421    0.311    0.271  6.212  5.767  5.358  5.011  0.445  0.409  0.756
1.30 -0.3960  1.0000   6.443  6.314  5.840  5.496  5.043  4.252  3.605  3.403  0.603  0.474  0.344  0.797  1.588  2.235  2.437    0.587    0.603    0.691    0.702    0.616    0.445    0.329    0.288  6.337  5.859  5.430  5.079  0.478  0.429  0.780
1.30 -0.3960  1.1220   6.576  6.443  5.930  5.566  5.101  4.312  3.666  3.466  0.646  0.513  0.365  0.829  1.618  2.265  2.464    0.661    0.677    0.748    0.745    0.647    0.468    0.346    0.304  6.470  5.951  5.496  5.138  0.519  0.455  0.813
1.30 -0.3960  1.2589   6.681  6.510  5.917  5.506  5.013  4.210  3.556  3.362  0.764  0.594  0.411  0.904  1.707  2.361  2.554    0.724    0.716    0.735    0.702    0.594    0.424    0.311    0.275  6.544  5.938  5.429  5.051  0.606  0.510  0.887
1.30 -0.3960  1.4125   6.920  6.754  6.141  5.711  5.194  4.347  3.668  3.462  0.779  0.613  0.430  0.948  1.794  2.474  2.679    0.894    0.888    0.895    0.839    0.694    0.476    0.341    0.298  6.790  6.164  5.632  5.233  0.626  0.532  0.931
1.30 -0.3960  1.5849   7.083  6.920  6.286  5.845  5.334  4.503  3.833  3.634  0.797  0.635  0.440  0.952  1.783  2.453  2.652    1.032    1.029    1.016    0.944    0.785    0.546    0.395    0.347  6.958  6.309  5.765  5.374  0.649  0.544  0.935
1.30 -0.3960  1.7783   7.252  7.073  6.412  5.958  5.441  4.608  3.939  3.742  0.840  0.661  0.453  0.971  1.803  2.473  2.670    1.200    1.179    1.136    1.043    0.862    0.599    0.434    0.382  7.113  6.435  5.876  5.481  0.678  0.559  0.954
1.30 -0.3960  1.9953   7.409  7.213  6.524  6.060  5.540  4.717  4.053  3.862  0.885  0.689  0.465  0.984  1.807  2.471  2.663    1.382    1.336    1.255    1.141    0.941    0.660    0.480    0.425  7.256  6.549  5.976  5.582  0.707  0.572  0.967
1.30 -0.3960  2.2387   7.562  7.348  6.631  6.155  5.629  4.809  4.147  3.959  0.931  0.716  0.477  1.002  1.822  2.484  2.672    1.585    1.505    1.379    1.240    1.018    0.715    0.521    0.462  7.394  6.656  6.070  5.672  0.738  0.586  0.984
1.30 -0.3960  2.5119   7.712  7.473  6.730  6.242  5.713  4.893  4.232  4.046  0.982  0.744  0.487  1.016  1.837  2.497  2.683    1.811    1.683    1.503    1.338    1.095    0.769    0.562    0.499  7.523  6.755  6.156  5.757  0.768  0.599  0.998
1.30 -0.3960  2.8184   7.851  7.598  6.836  6.339  5.800  4.971  4.306  4.118  1.016  0.762  0.496  1.036  1.864  2.530  2.718    2.050    1.879    1.650    1.457    1.180    0.823    0.598    0.531  7.649  6.861  6.252  5.844  0.788  0.609  1.017
1.30 -0.3960  3.1623   7.992  7.726  6.951  6.452  5.920  5.108  4.454  4.272  1.042  0.775  0.499  1.031  1.843  2.497  2.679    2.326    2.108    1.828    1.610    1.313    0.930    0.683    0.609  7.779  6.977  6.364  5.965  0.802  0.613  1.012
1.30 -0.3960  3.5481   8.097  7.822  7.035  6.532  5.997  5.189  4.537  4.357  1.062  0.786  0.504  1.038  1.847  2.499  2.678    2.553    2.293    1.969    1.726    1.405    0.998    0.734    0.657  7.876  7.062  6.444  6.043  0.814  0.618  1.019
1.30 -0.3960  3.9811   8.206  7.921  7.125  6.616  6.078  5.269  4.616  4.438  1.081  0.796  0.509  1.048  1.856  2.509  2.687    2.812    2.504    2.131    1.859    1.508    1.071    0.787    0.705  7.977  7.152  6.528  6.124  0.825  0.624  1.028
1.30 -0.3960  4.4668   8.326  8.031  7.223  6.708  6.165  5.355  4.701  4.524  1.103  0.808  0.515  1.059  1.868  2.522  2.699    3.128    2.760    2.324    2.016    1.628    1.155    0.848    0.760  8.088  7.251  6.620  6.213  0.838  0.631  1.038
1.30 -0.3960  5.0119   8.465  8.164  7.349  6.830  6.284  5.478  4.826  4.650  1.116  0.816  0.519  1.064  1.871  2.523  2.699    3.542    3.109    2.598    2.247    1.810    1.288    0.948    0.850  8.223  7.377  6.742  6.334  0.846  0.635  1.043
1.30 -0.3960  5.6234   8.592  8.277  7.447  6.922  6.370  5.561  4.907  4.732  1.145  0.830  0.525  1.077  1.886  2.540  2.715    3.969    3.436    2.835    2.437    1.952    1.386    1.018    0.914  8.337  7.476  6.833  6.421  0.862  0.642  1.055
1.30 -0.3960  6.3096   8.740  8.413  7.572  7.041  6.486  5.679  5.026  4.853  1.167  0.841  0.531  1.087  1.894  2.547  2.720    4.531    3.883    3.172    2.712    2.165    1.540    1.132    1.018  8.475  7.602  6.953  6.538  0.874  0.649  1.064
1.30 -0.3960  7.0795   8.876  8.542  7.696  7.163  6.606  5.801  5.150  4.979  1.180  0.846  0.533  1.090  1.895  2.545  2.717    5.121    4.360    3.544    3.024    2.412    1.718    1.266    1.140  8.605  7.726  7.075  6.659  0.879  0.651  1.066
1.30 -0.3960  7.9433   9.001  8.652  7.794  7.254  6.693  5.886  5.235  5.065  1.207  0.858  0.540  1.101  1.908  2.559  2.729    5.731    4.811    3.868    3.281    2.605    1.853    1.365    1.231  8.717  7.825  7.167  6.748  0.892  0.658  1.077
1.30 -0.3960  8.9125   9.115  8.750  7.880  7.335  6.769  5.961  5.311  5.141  1.235  0.869  0.545  1.111  1.919  2.570  2.740    6.348    5.249    4.176    3.524    2.787    1.980    1.459    1.316  8.816  7.912  7.248  6.826  0.905  0.664  1.086
1.30 -0.3960 10.0000   9.230  8.845  7.962  7.409  6.836  6.024  5.370  5.200  1.268  0.883  0.553  1.126  1.938  2.592  2.762    7.036    5.714    4.488    3.762    2.956    2.091    1.536    1.386  8.914  7.994  7.322  6.894  0.920  0.672  1.100
1.30 -0.3960 11.2202   9.329  8.930  8.038  7.481  6.903  6.087  5.431  5.261  1.291  0.892  0.557  1.135  1.952  2.607  2.777    7.685    6.163    4.801    4.006    3.135    2.210    1.621    1.462  9.001  8.071  7.393  6.962  0.930  0.677  1.108
1.30 -0.3960 12.5893   9.443  9.030  8.129  7.566  6.984  6.162  5.505  5.333  1.314  0.901  0.563  1.145  1.967  2.624  2.796    8.513    6.741    5.207    4.324    3.367    2.362    1.730    1.558  9.102  8.162  7.479  7.045  0.940  0.683  1.118
1.30 -0.3960 14.1254   9.574  9.141  8.226  7.655  7.064  6.231  5.570  5.395  1.348  0.915  0.571  1.162  1.994  2.656  2.830    9.584    7.444    5.677    4.681    3.616    2.512    1.832    1.646  9.215  8.260  7.568  7.126  0.955  0.691  1.134
1.30 -0.3960 15.8489   9.719  9.270  8.343  7.765  7.167  6.335  5.674  5.501  1.376  0.927  0.578  1.175  2.008  2.669  2.842   10.921    8.361    6.308    5.166    3.968    2.758    2.011    1.810  9.346  8.378  7.679  7.233  0.968  0.699  1.146
1.30 -0.3960 17.7828   9.806  9.345  8.408  7.825  7.222  6.390  5.728  5.557  1.398  0.937  0.583  1.186  2.018  2.680  2.851   11.804    8.935    6.679    5.442    4.161    2.891    2.108    1.899  9.424  8.444  7.739  7.289  0.979  0.705  1.155
1.30  0.0000  0.0631   3.662  4.043  3.945  3.787  3.568  3.136  2.668  2.544 -0.283  0.098  0.158  0.377  0.810  1.277  1.401    0.050    0.083    0.134    0.161    0.175    0.176    0.154    0.145  4.054  3.948  3.753  3.587  0.105  0.196  0.361
1.30  0.0000  0.0708   3.776  4.135  4.026  3.862  3.638  3.200  2.735  2.613 -0.250  0.109  0.164  0.388  0.827  1.291  1.413    0.056    0.090    0.143    0.172    0.186    0.186    0.163    0.153  4.147  4.029  3.827  3.658  0.117  0.203  0.372
1.30  0.0000  0.0794   3.887  4.230  4.122  3.961  3.740  3.304  2.844  2.724 -0.235  0.108  0.161  0.382  0.818  1.278  1.398    0.061    0.097    0.156    0.188    0.204    0.204    0.179    0.169  4.241  4.125  3.926  3.759  0.116  0.199  0.367
1.30  0.0000  0.0891   3.984  4.302  4.188  4.026  3.803  3.367  2.913  2.795 -0.204  0.115  0.162  0.385  0.821  1.275  1.393    0.067    0.104    0.165    0.198    0.215    0.215    0.190    0.180  4.314  4.191  3.990  3.822  0.122  0.201  0.369
1.30  0.0000  0.1000   4.091  4.381  4.260  4.095  3.870  3.430  2.978  2.861 -0.168  0.122  0.165  0.389  0.830  1.281  1.398    0.073    0.111    0.176    0.210    0.228    0.227    0.201    0.190  4.393  4.263  4.059  3.890  0.129  0.204  0.374
1.30  0.0000  0.1122   4.197  4.460  4.334  4.167  3.942  3.497  3.045  2.928 -0.137  0.126  0.167  0.392  0.837  1.289  1.406    0.081    0.119    0.187    0.224    0.243    0.241    0.213    0.202  4.471  4.338  4.131  3.961  0.133  0.207  0.376
1.30  0.0000  0.1259   4.302  4.541  4.410  4.228  3.899  2.955  2.247  1.985 -0.107  0.131  0.181  0.510  1.454  2.163  2.424    0.088    0.128    0.200    0.236    0.232    0.146    0.102    0.084  4.552  4.414  4.191  3.918  0.138  0.223  0.496
1.30  0.0000  0.1413   4.411  4.621  4.489  4.310  3.993  3.076  2.379  2.121 -0.078  0.133  0.179  0.496  1.413  2.109  2.368    0.097    0.137    0.214    0.254    0.252    0.162    0.114    0.095  4.632  4.493  4.273  4.011  0.139  0.220  0.482
1.30  0.0000  0.1585   4.527  4.711  4.580  4.405  4.103  3.231  2.551  2.299 -0.052  0.132  0.174  0.477  1.349  2.029  2.280    0.108    0.148    0.232    0.276    0.278    0.186    0.134    0.112  4.722  4.584  4.369  4.121  0.138  0.215  0.463
1.30  0.0000  0.1778   4.655  4.802  4.663  4.490  4.199  3.365  2.702  2.457 -0.009  0.139  0.173  0.464  1.299  1.961  2.207    0.121    0.160    0.250    0.297    0.303    0.210    0.153    0.129  4.812  4.668  4.453  4.218  0.144  0.215  0.451
1.30  0.0000  0.1995   4.775  4.888  4.742  4.571  4.294  3.509  2.871  2.635  0.032  0.146  0.172  0.448  1.234  1.871  2.108    0.134    0.173    0.268    0.319    0.329    0.239    0.178    0.151  4.899  4.748  4.534  4.312  0.151  0.213  0.435
1.30  0.0000  0.2239   4.917  4.992  4.832  4.659  4.389  3.648  3.035  2.810  0.085  0.160  0.174  0.443  1.184  1.798  2.022    0.153    0.189    0.290    0.344    0.358    0.270    0.206    0.177  5.002  4.838  4.622  4.408  0.164  0.216  0.430
1.30  0.0000  0.2512   5.066  5.094  4.918  4.740  4.464  3.711  3.096  2.870  0.148  0.176  0.178  0.453  1.206  1.822  2.047    0.175    0.207    0.312    0.370    0.382    0.286    0.217    0.186  5.104  4.924  4.702  4.484  0.180  0.222  0.440
1.30  0.0000  0.2818   5.209  5.193  5.004  4.823  4.544  3.779  3.161  2.934  0.205  0.189  0.180  0.460  1.225  1.843  2.070    0.198    0.226    0.337    0.398    0.409    0.303    0.230    0.197  5.203  5.010  4.785  4.563  0.193  0.226  0.447
1.30  0.0000  0.3162   5.350  5.298  5.090  4.904  4.621  3.859  3.248  3.023  0.260  0.208  0.186  0.469  1.231  1.842  2.067    0.225    0.248    0.363    0.427    0.438    0.325    0.248    0.213  5.308  5.097  4.864  4.641  0.211  0.233  0.456
1.30  0.0000  0.3548   5.483  5.402  5.171  4.973  4.680  3.911  3.300  3.077  0.312  0.231  0.198  0.491  1.260  1.870  2.094    0.253    0.272    0.390    0.453    0.460    0.339    0.259    0.223  5.413  5.179  4.931  4.701  0.234  0.248  0.478
1.30  0.0000  0.3981   5.612  5.516  5.261  5.051  4.746  3.969  3.359  3.136  0.351  0.255  0.210  0.515  1.292  1.902  2.125    0.284    0.301    0.422    0.485    0.487    0.357    0.273    0.234  5.528  5.271  5.007  4.768  0.257  0.264  0.503
1.30  0.0000  0.4467   5.745  5.633  5.349  5.123  4.804  4.021  3.410  3.188  0.396  0.284  0.227  0.545  1.328  1.939  2.161    0.320    0.334    0.456    0.516    0.512    0.372    0.285    0.245  5.646  5.361  5.075  4.828  0.285  0.285  0.533
1.30  0.0000  0.5012   5.885  5.760  5.442  5.197  4.864  4.069  3.456  3.235  0.443  0.318  0.245  0.577  1.373  1.986  2.206    0.363    0.374    0.494    0.550    0.540    0.388    0.296    0.255  5.774  5.454  5.146  4.889  0.320  0.308  0.565
1.30  0.0000  0.5623   6.026  5.899  5.544  5.282  4.939  4.129  3.514  3.294  0.481  0.355  0.262  0.605  1.415  2.030  2.250    0.411    0.424    0.541    0.593    0.576    0.408    0.311    0.268  5.915  5.558  5.228  4.965  0.357  0.330  0.593
1.30  0.0000  0.6310   6.171  6.044  5.654  5.374  5.013  4.197  3.579  3.359  0.517  0.390  0.280  0.641  1.456  2.074  2.294    0.468    0.482    0.596    0.643    0.614    0.433    0.329    0.283  6.061  5.669  5.317  5.040  0.392  0.352  0.628
1.30  0.0000  0.7079   6.316  6.191  5.761  5.459  5.084  4.260  3.639  3.419  0.555  0.431  0.301  0.677  1.501  2.122  2.342    0.533    0.550    0.656    0.693    0.653    0.457    0.346    0.298  6.211  5.777  5.398  5.112  0.434  0.379  0.665
1.30  0.0000  0.7943   6.468  6.337  5.863  5.539  5.147  4.315  3.691  3.472  0.604  0.474  0.324  0.717  1.548  2.172  2.392    0.611    0.627    0.718    0.743    0.689    0.479    0.362    0.312  6.360  5.882  5.475  5.177  0.479  0.407  0.705
1.30  0.0000  0.8913   6.619  6.482  5.969  5.624  5.215  4.370  3.740  3.520  0.651  0.513  0.345  0.753  1.599  2.229  2.449    0.699    0.713    0.787    0.800    0.731    0.502    0.377    0.324  6.508  5.988  5.556  5.247  0.520  0.432  0.741
1.30  0.0000  1.0000   6.767  6.630  6.077  5.712  5.290  4.438  3.805  3.586  0.690  0.553  0.365  0.787  1.639  2.271  2.490    0.798    0.814    0.867    0.864    0.780    0.532    0.398    0.344  6.659  6.097  5.640  5.323  0.562  0.457  0.774
1.30  0.0000  1.1220   6.924  6.765  6.173  5.789  5.355  4.497  3.864  3.647  0.751  0.593  0.384  0.817  1.675  2.309  2.526    0.918    0.918    0.942    0.923    0.824    0.559    0.419    0.362  6.798  6.194  5.714  5.389  0.604  0.479  0.805
1.30  0.0000  1.2589   7.082  6.878  6.225  5.808  5.347  4.476  3.834  3.621  0.857  0.653  0.417  0.878  1.749  2.392  2.605    1.058    1.015    0.985    0.935    0.815    0.546    0.406    0.352  6.917  6.247  5.728  5.383  0.669  0.519  0.865
1.30  0.0000  1.4125   7.230  6.977  6.264  5.814  5.328  4.449  3.798  3.590  0.966  0.713  0.450  0.936  1.815  2.466  2.673    1.207    1.107    1.017    0.936    0.797    0.531    0.391    0.341  7.022  6.287  5.729  5.364  0.736  0.557  0.922
1.30  0.0000  1.5849   7.451  7.214  6.494  6.030  5.516  4.587  3.905  3.683  0.957  0.720  0.464  0.978  1.907  2.589  2.811    1.466    1.364    1.246    1.133    0.940    0.597    0.428    0.368  7.260  6.517  5.945  5.554  0.742  0.572  0.963
1.30  0.0000  1.7783   7.629  7.375  6.634  6.159  5.632  4.714  4.033  3.814  0.995  0.740  0.476  1.002  1.920  2.602  2.820    1.719    1.575    1.411    1.269    1.041    0.668    0.479    0.413  7.423  6.658  6.072  5.672  0.765  0.586  0.987
1.30  0.0000  1.9953   7.807  7.532  6.772  6.287  5.755  4.861  4.186  3.976  1.034  0.760  0.485  1.017  1.912  2.586  2.797    2.016    1.813    1.595    1.423    1.160    0.762    0.549    0.477  7.583  6.797  6.200  5.796  0.786  0.597  1.001
1.30  0.0000  2.2387   7.973  7.672  6.887  6.389  5.846  4.958  4.284  4.078  1.087  0.785  0.497  1.041  1.929  2.603  2.809    2.341    2.054    1.765    1.557    1.257    0.830    0.598    0.522  7.726  6.911  6.300  5.888  0.814  0.611  1.023
1.30  0.0000  2.5119   8.137  7.808  6.999  6.492  5.943  5.056  4.384  4.180  1.138  0.808  0.507  1.057  1.943  2.616  2.819    2.711    2.318    1.950    1.705    1.369    0.904    0.653    0.571  7.865  7.024  6.402  5.986  0.840  0.622  1.039
1.30  0.0000  2.8184   8.307  7.950  7.119  6.600  6.038  5.139  4.461  4.256  1.188  0.831  0.519  1.081  1.980  2.658  2.863    3.158    2.630    2.168    1.875    1.487    0.972    0.698    0.610  8.009  7.144  6.509  6.082  0.865  0.635  1.062
1.30  0.0000  3.1623   8.480  8.088  7.232  6.701  6.126  5.218  4.535  4.331  1.248  0.856  0.531  1.106  2.014  2.697  2.901    3.691    2.977    2.398    2.051    1.608    1.042    0.745    0.651  8.151  7.258  6.609  6.171  0.893  0.649  1.087
1.30  0.0000  3.5481   8.631  8.210  7.337  6.798  6.214  5.295  4.609  4.403  1.293  0.873  0.539  1.123  2.042  2.729  2.934    4.224    3.320    2.633    2.235    1.738    1.115    0.795    0.694  8.276  7.363  6.705  6.260  0.912  0.659  1.103
1.30  0.0000  3.9811   8.782  8.337  7.450  6.904  6.317  5.404  4.721  4.519  1.332  0.888  0.546  1.133  2.046  2.729  2.931    4.838    3.718    2.909    2.454    1.903    1.228    0.878    0.769  8.405  7.476  6.810  6.364  0.929  0.666  1.112
1.30  0.0000  4.4668   8.846  8.409  7.526  6.981  6.393  5.481  4.798  4.596  1.321  0.884  0.545  1.133  2.045  2.727  2.929    5.112    3.957    3.107    2.622    2.032    1.312    0.939    0.822  8.477  7.552  6.887  6.440  0.924  0.665  1.112
1.30  0.0000  5.0119   8.976  8.516  7.618  7.066  6.470  5.548  4.862  4.658  1.358  0.898  0.552  1.148  2.070  2.756  2.959    5.740    4.351    3.371    2.827    2.175    1.391    0.992    0.868  8.585  7.645  6.972  6.519  0.940  0.673  1.126
1.30  0.0000  5.6234   9.122  8.638  7.725  7.165  6.563  5.633  4.945  4.740  1.397  0.913  0.560  1.162  2.092  2.781  2.985    6.551    4.856    3.710    3.089    2.362    1.500    1.067    0.933  8.710  7.753  7.071  6.612  0.958  0.682  1.141
1.30  0.0000  6.3096   9.274  8.792  7.881  7.322  6.723  5.808  5.128  4.928  1.394  0.911  0.559  1.157  2.073  2.752  2.952    7.512    5.574    4.268    3.557    2.730    1.756    1.260    1.106  8.863  7.908  7.228  6.774  0.955  0.680  1.134
1.30  0.0000  7.0795   9.400  8.899  7.977  7.412  6.807  5.883  5.202  5.000  1.423  0.922  0.565  1.170  2.093  2.775  2.976    8.405    6.136    4.649    3.853    2.939    1.878    1.344    1.178  8.972  8.005  7.318  6.859  0.967  0.687  1.146
1.30  0.0000  7.9433   9.534  9.013  8.078  7.507  6.895  5.965  5.282  5.079  1.456  0.935  0.571  1.183  2.113  2.797  2.999    9.489    6.795    5.090    4.194    3.180    2.019    1.443    1.264  9.088  8.107  7.413  6.949  0.981  0.694  1.158
1.30  0.0000  8.9125   9.667  9.121  8.171  7.592  6.972  6.031  5.344  5.140  1.496  0.949  0.579  1.199  2.140  2.827  3.031   10.696    7.487    5.532    4.524    3.404    2.140    1.525    1.333  9.199  8.201  7.498  7.027  0.998  0.703  1.174
1.30  0.0000 10.0000   9.795  9.227  8.266  7.679  7.053  6.108  5.420  5.216  1.530  0.962  0.586  1.213  2.158  2.846  3.050   12.004    8.237    6.017    4.890    3.657    2.290    1.631    1.425  9.308  8.295  7.585  7.109  1.012  0.711  1.186
1.30  0.0000 11.2202   9.930  9.335  8.359  7.765  7.130  6.173  5.482  5.276  1.571  0.976  0.594  1.228  2.185  2.877  3.083   13.549    9.071    6.539    5.276    3.917    2.426    1.722    1.502  9.418  8.389  7.670  7.188  1.029  0.719  1.201
1.30  0.0000 12.5893  10.069  9.446  8.454  7.852  7.210  6.250  5.559  5.353  1.615  0.992  0.602  1.244  2.204  2.896  3.101   15.368   10.021    7.121    5.704    4.204    2.598    1.843    1.609  9.532  8.485  7.757  7.269  1.047  0.728  1.216
1.30  0.0000 14.1254  10.205  9.550  8.542  7.932  7.281  6.309  5.614  5.406  1.662  1.008  0.611  1.262  2.233  2.929  3.136   17.365   11.003    7.704    6.122    4.475    2.735    1.934    1.685  9.639  8.574  7.837  7.341  1.065  0.737  1.233
1.30  0.0000 15.8489  10.332  9.653  8.633  8.016  7.357  6.377  5.680  5.471  1.699  1.020  0.617  1.276  2.256  2.953  3.162   19.480   12.067    8.355    6.597    4.790    2.904    2.050    1.784  9.744  8.665  7.921  7.420  1.079  0.745  1.246
1.30  0.0000 17.7828  10.469  9.763  8.729  8.104  7.438  6.450  5.751  5.541  1.740  1.033  0.625  1.291  2.280  2.979  3.188   22.039   13.313    9.106    7.141    5.147    3.098    2.183    1.898  9.857  8.762  8.010  7.502  1.094  0.753  1.260
1.30  0.2223  0.0631   3.809  4.194  4.111  3.920  3.626  3.060  2.475  2.313 -0.302  0.083  0.191  0.485  1.051  1.635  1.797    0.057    0.095    0.155    0.182    0.184    0.164    0.128    0.116  4.206  4.112  3.881  3.648  0.094  0.231  0.464
1.30  0.2223  0.0708   3.904  4.264  4.179  3.998  3.718  3.166  2.598  2.439 -0.275  0.085  0.181  0.461  1.013  1.580  1.739    0.062    0.100    0.165    0.194    0.200    0.180    0.143    0.130  4.275  4.180  3.960  3.739  0.095  0.220  0.441
1.30  0.2223  0.0794   4.005  4.334  4.244  4.068  3.798  3.263  2.711  2.556 -0.239  0.090  0.176  0.446  0.981  1.533  1.688    0.068    0.107    0.174    0.207    0.215    0.196    0.158    0.145  4.345  4.246  4.031  3.819  0.099  0.215  0.427
1.30  0.2223  0.0891   4.098  4.398  4.302  4.129  3.868  3.346  2.809  2.658 -0.204  0.096  0.174  0.434  0.957  1.494  1.645    0.074    0.113    0.183    0.218    0.228    0.211    0.173    0.158  4.409  4.304  4.092  3.888  0.105  0.212  0.416
1.30  0.2223  0.1000   4.189  4.464  4.363  4.192  3.941  3.430  2.907  2.759 -0.174  0.101  0.171  0.422  0.934  1.457  1.604    0.080    0.119    0.193    0.230    0.243    0.227    0.188    0.173  4.475  4.365  4.156  3.960  0.109  0.210  0.405
1.30  0.2223  0.1122   4.295  4.540  4.436  4.269  4.029  3.532  3.024  2.880 -0.140  0.104  0.167  0.407  0.904  1.412  1.556    0.088    0.128    0.206    0.246    0.263    0.248    0.209    0.193  4.551  4.438  4.234  4.048  0.112  0.205  0.391
1.30  0.2223  0.1259   4.406  4.619  4.507  4.336  4.059  3.206  2.533  2.289 -0.101  0.112  0.171  0.447  1.301  1.973  2.218    0.097    0.137    0.219    0.261    0.269    0.183    0.132    0.111  4.629  4.510  4.300  4.077  0.119  0.210  0.433
1.30  0.2223  0.1413   4.517  4.698  4.582  4.414  4.149  3.346  2.696  2.460 -0.065  0.116  0.168  0.433  1.236  1.886  2.122    0.107    0.147    0.233    0.279    0.291    0.208    0.153    0.130  4.708  4.585  4.379  4.166  0.123  0.207  0.419
1.30  0.2223  0.1585   4.643  4.786  4.660  4.492  4.237  3.498  2.878  2.656 -0.017  0.126  0.168  0.423  1.162  1.782  2.003    0.120    0.158    0.250    0.299    0.314    0.238    0.180    0.155  4.796  4.664  4.457  4.254  0.132  0.207  0.410
1.30  0.2223  0.1778   4.770  4.875  4.736  4.567  4.316  3.616  3.019  2.809  0.034  0.139  0.169  0.420  1.120  1.717  1.927    0.134    0.171    0.267    0.319    0.337    0.264    0.205    0.178  4.885  4.741  4.531  4.334  0.145  0.210  0.407
1.30  0.2223  0.1995   4.914  4.976  4.822  4.653  4.408  3.752  3.182  2.984  0.091  0.153  0.169  0.414  1.071  1.640  1.838    0.153    0.187    0.288    0.344    0.365    0.298    0.237    0.208  4.986  4.828  4.617  4.427  0.158  0.211  0.401
1.30  0.2223  0.2239   5.059  5.072  4.901  4.726  4.481  3.840  3.286  3.095  0.158  0.171  0.174  0.420  1.060  1.615  1.806    0.174    0.204    0.308    0.366    0.389    0.322    0.260    0.230  5.082  4.907  4.689  4.500  0.176  0.218  0.407
1.30  0.2223  0.2512   5.212  5.177  4.985  4.804  4.553  3.897  3.341  3.148  0.227  0.193  0.181  0.432  1.088  1.643  1.837    0.199    0.224    0.332    0.392    0.414    0.339    0.272    0.240  5.188  4.991  4.765  4.572  0.197  0.227  0.419
1.30  0.2223  0.2818   5.349  5.281  5.070  4.884  4.628  3.958  3.402  3.206  0.279  0.211  0.187  0.442  1.112  1.669  1.864    0.226    0.245    0.358    0.420    0.442    0.357    0.287    0.253  5.292  5.077  4.843  4.648  0.215  0.234  0.429
1.30  0.2223  0.3162   5.484  5.394  5.157  4.957  4.690  4.012  3.456  3.260  0.327  0.237  0.200  0.466  1.145  1.701  1.897    0.254    0.271    0.386    0.448    0.466    0.373    0.300    0.264  5.405  5.165  4.914  4.711  0.240  0.251  0.454
1.30  0.2223  0.3548   5.616  5.509  5.244  5.029  4.749  4.053  3.493  3.296  0.372  0.265  0.215  0.495  1.191  1.751  1.948    0.286    0.300    0.417    0.477    0.491    0.387    0.310    0.272  5.521  5.254  4.983  4.771  0.267  0.271  0.483
1.30  0.2223  0.3981   5.760  5.637  5.344  5.113  4.822  4.106  3.540  3.340  0.416  0.294  0.231  0.522  1.238  1.803  2.004    0.326    0.337    0.455    0.513    0.523    0.404    0.322    0.283  5.651  5.355  5.064  4.845  0.295  0.291  0.510
1.30  0.2223  0.4467   5.902  5.769  5.442  5.196  4.895  4.152  3.579  3.377  0.459  0.327  0.246  0.547  1.291  1.863  2.066    0.370    0.379    0.497    0.552    0.557    0.420    0.333    0.291  5.784  5.455  5.144  4.919  0.329  0.310  0.536
1.30  0.2223  0.5012   6.041  5.905  5.539  5.274  4.961  4.193  3.613  3.409  0.502  0.365  0.265  0.578  1.346  1.926  2.130    0.419    0.428    0.541    0.591    0.590    0.435    0.342    0.299  5.921  5.553  5.219  4.987  0.368  0.333  0.566
1.30  0.2223  0.5623   6.192  6.053  5.645  5.358  5.025  4.250  3.666  3.462  0.547  0.408  0.287  0.619  1.394  1.978  2.183    0.479    0.488    0.594    0.636    0.624    0.457    0.358    0.313  6.071  5.660  5.299  5.052  0.412  0.361  0.608
1.30  0.2223  0.6310   6.341  6.201  5.751  5.444  5.098  4.312  3.724  3.519  0.590  0.450  0.307  0.653  1.439  2.027  2.232    0.548    0.557    0.653    0.686    0.664    0.482    0.376    0.328  6.222  5.768  5.381  5.126  0.454  0.387  0.642
1.30  0.2223  0.7079   6.504  6.357  5.865  5.537  5.173  4.377  3.784  3.578  0.639  0.492  0.328  0.692  1.488  2.081  2.287    0.634    0.641    0.722    0.744    0.709    0.509    0.396    0.345  6.381  5.883  5.470  5.202  0.498  0.413  0.681
1.30  0.2223  0.7943   6.679  6.515  5.977  5.627  5.247  4.435  3.836  3.629  0.702  0.538  0.350  0.730  1.542  2.142  2.348    0.742    0.739    0.798    0.806    0.756    0.535    0.413    0.361  6.543  5.997  5.557  5.278  0.546  0.440  0.718
1.30  0.2223  0.8913   6.855  6.669  6.088  5.717  5.320  4.488  3.881  3.673  0.767  0.581  0.371  0.768  1.600  2.208  2.415    0.870    0.848    0.880    0.872    0.806    0.560    0.429    0.374  6.700  6.109  5.644  5.352  0.592  0.465  0.756
1.30  0.2223  1.0000   7.020  6.809  6.188  5.799  5.387  4.543  3.931  3.724  0.832  0.620  0.389  0.801  1.645  2.257  2.464    1.008    0.960    0.961    0.936    0.853    0.586    0.448    0.390  6.843  6.209  5.723  5.420  0.634  0.487  0.789
1.30  0.2223  1.1220   7.195  6.956  6.298  5.891  5.465  4.609  3.992  3.786  0.897  0.658  0.407  0.833  1.689  2.305  2.512    1.179    1.095    1.059    1.015    0.913    0.621    0.472    0.412  6.994  6.319  5.812  5.499  0.675  0.507  0.820
1.30  0.2223  1.2589   7.355  7.082  6.384  5.956  5.513  4.648  4.025  3.820  0.971  0.698  0.427  0.870  1.736  2.359  2.564    1.361    1.226    1.141    1.074    0.951    0.641    0.484    0.423  7.125  6.406  5.875  5.549  0.719  0.532  0.857
1.30  0.2223  1.4125   7.508  7.178  6.417  5.951  5.471  4.588  3.947  3.743  1.091  0.761  0.466  0.946  1.829  2.470  2.674    1.560    1.333    1.172    1.064    0.910    0.604    0.449    0.392  7.228  6.440  5.864  5.508  0.788  0.576  0.932
1.30  0.2223  1.5849   7.693  7.320  6.505  5.998  5.443  4.396  3.676  3.438  1.188  0.815  0.507  1.062  2.109  2.829  3.067    1.839    1.509    1.263    1.104    0.882    0.503    0.348    0.294  7.377  6.529  5.907  5.481  0.849  0.622  1.047
1.30  0.2223  1.7783   7.903  7.563  6.774  6.282  5.755  4.836  4.163  3.952  1.129  0.789  0.492  1.019  1.938  2.611  2.823    2.216    1.877    1.607    1.425    1.168    0.749    0.541    0.469  7.617  6.798  6.193  5.795  0.819  0.605  1.003
1.30  0.2223  1.9953   8.078  7.719  6.910  6.407  5.870  4.957  4.285  4.077  1.168  0.809  0.502  1.040  1.953  2.625  2.833    2.592    2.155    1.813    1.592    1.292    0.833    0.602    0.524  7.775  6.934  6.317  5.911  0.841  0.617  1.023
1.30  0.2223  2.2387   8.250  7.861  7.028  6.514  5.964  5.047  4.373  4.167  1.221  0.833  0.514  1.064  1.981  2.655  2.862    3.023    2.446    2.013    1.748    1.402    0.901    0.650    0.567  7.920  7.053  6.422  6.006  0.868  0.631  1.047
1.30  0.2223  2.5119   8.428  8.012  7.159  6.633  6.069  5.135  4.454  4.247  1.270  0.853  0.525  1.089  2.024  2.705  2.912    3.550    2.801    2.261    1.943    1.539    0.974    0.698    0.608  8.074  7.184  6.540  6.112  0.891  0.643  1.071
1.30  0.2223  2.8184   8.607  8.156  7.279  6.742  6.166  5.221  4.535  4.328  1.327  0.877  0.537  1.114  2.059  2.744  2.951    4.170    3.187    2.518    2.141    1.677    1.050    0.749    0.653  8.222  7.305  6.648  6.210  0.917  0.657  1.095
1.30  0.2223  3.1623   8.785  8.288  7.383  6.833  6.247  5.300  4.615  4.409  1.402  0.905  0.550  1.136  2.083  2.768  2.974    4.892    3.584    2.760    2.318    1.800    1.126    0.803    0.701  8.358  7.409  6.738  6.292  0.949  0.671  1.117
1.30  0.2223  3.5481   8.941  8.402  7.473  6.911  6.315  5.350  4.658  4.450  1.469  0.930  0.562  1.158  2.123  2.815  3.023    5.630    3.967    2.986    2.482    1.909    1.174    0.832    0.725  8.476  7.499  6.815  6.361  0.977  0.684  1.138
1.30  0.2223  3.9811   9.098  8.533  7.589  7.021  6.416  5.425  4.725  4.511  1.509  0.943  0.568  1.173  2.165  2.865  3.078    6.483    4.458    3.313    2.737    2.088    1.253    0.882    0.764  8.609  7.616  6.924  6.462  0.993  0.692  1.153
1.30  0.2223  4.4668   9.230  8.640  7.683  7.109  6.502  5.522  4.827  4.617  1.546  0.956  0.574  1.182  2.162  2.857  3.067    7.292    4.903    3.601    2.958    2.252    1.366    0.966    0.839  8.718  7.710  7.012  6.549  1.008  0.698  1.161
1.30  0.2223  5.0119   9.295  8.722  7.776  7.206  6.601  5.620  4.926  4.716  1.519  0.946  0.571  1.175  2.157  2.850  3.061    7.719    5.272    3.908    3.221    2.458    1.489    1.054    0.916  8.799  7.803  7.109  6.649  0.996  0.694  1.154
1.30  0.2223  5.6234   9.439  8.842  7.883  7.305  6.693  5.702  5.006  4.794  1.556  0.959  0.578  1.190  2.181  2.877  3.089    8.776    5.862    4.295    3.517    2.665    1.600    1.130    0.981  8.921  7.910  7.208  6.742  1.010  0.702  1.169
1.30  0.2223  6.3096   9.603  8.984  8.014  7.429  6.808  5.808  5.108  4.896  1.590  0.970  0.585  1.206  2.206  2.905  3.118   10.181    6.662    4.829    3.929    2.955    1.758    1.239    1.075  9.065  8.041  7.332  6.858  1.023  0.710  1.183
1.30  0.2223  7.0795   9.744  9.101  8.121  7.530  6.904  5.888  5.185  4.970  1.623  0.981  0.590  1.216  2.232  2.935  3.151   11.555    7.403    5.315    4.303    3.219    1.888    1.326    1.147  9.184  8.149  7.433  6.955  1.035  0.716  1.193
1.30  0.2223  7.9433   9.886  9.215  8.220  7.623  6.990  5.960  5.252  5.033  1.666  0.995  0.597  1.231  2.261  2.968  3.187   13.142    8.197    5.811    4.674    3.474    2.011    1.406    1.213  9.300  8.249  7.525  7.042  1.051  0.724  1.207
1.30  0.2223  8.9125  10.028  9.326  8.319  7.714  7.075  6.044  5.337  5.120  1.709  1.008  0.604  1.243  2.275  2.981  3.199   14.929    9.057    6.343    5.069    3.747    2.167    1.517    1.309  9.414  8.348  7.617  7.129  1.066  0.731  1.219
1.30  0.2223 10.0000  10.161  9.433  8.414  7.803  7.158  6.127  5.422  5.206  1.747  1.019  0.611  1.256  2.287  2.992  3.208   16.826    9.965    6.904    5.485    4.032    2.333    1.635    1.414  9.523  8.443  7.705  7.213  1.080  0.738  1.231
1.30  0.2223 11.2202  10.304  9.542  8.505  7.886  7.232  6.191  5.483  5.266  1.799  1.036  0.620  1.273  2.315  3.022  3.240   19.147   10.982    7.492    5.903    4.306    2.468    1.725    1.490  9.634  8.535  7.787  7.288  1.099  0.748  1.247
1.30  0.2223 12.5893  10.458  9.658  8.605  7.976  7.314  6.259  5.548  5.329  1.853  1.053  0.629  1.291  2.345  3.056  3.275   22.003   12.190    8.188    6.399    4.630    2.622    1.828    1.576  9.754  8.635  7.877  7.371  1.119  0.758  1.264
1.30  0.2223 14.1254  10.607  9.771  8.702  8.066  7.397  6.341  5.631  5.413  1.905  1.069  0.637  1.306  2.361  3.072  3.290   25.183   13.495    8.936    6.932    4.986    2.819    1.967    1.697  9.870  8.733  7.967  7.456  1.137  0.766  1.277
1.30  0.2223 15.8489  10.758  9.891  8.809  8.165  7.486  6.415  5.701  5.481  1.948  1.081  0.645  1.324  2.395  3.108  3.329   28.861   15.034    9.839    7.575    5.397    3.010    2.093    1.802  9.993  8.841  8.066  7.547  1.152  0.775  1.294
1.30  0.2223 17.7828  10.898 10.005  8.913  8.261  7.573  6.488  5.772  5.550  1.985  1.092  0.652  1.340  2.425  3.141  3.363   32.751   16.656   10.798    8.257    5.834    3.214    2.229    1.916 10.109  8.945  8.162  7.636  1.163  0.783  1.310
