#IMF [M/H]    Age      U      B      V      R      I      J      H      K     U-V    B-V    V-R    V-I    V-J    V-H     V-K      (M/L)U   (M/L)B   (M/L)V   (M/L)R   (M/L)I   (M/L)J   (M/L)H   (M/L)K  F439W  F555W  F675W F814W 439-555 555-675 555-814
#=========================================================================================================================================================================================================================================================
1.30 -2.3152  0.0631   2.591  3.195  3.322  3.346  3.382  3.425  3.354  3.335 -0.731 -0.127 -0.024 -0.059 -0.102 -0.032 -0.013    0.030    0.061    0.121    0.172    0.237    0.368	0.463	 0.480  3.199  3.315  3.353  3.378 -0.116 -0.038 -0.063
1.30 -2.3152  0.0708   2.677  3.256  3.373  3.392  3.418  3.444  3.363  3.341 -0.696 -0.117 -0.018 -0.044 -0.071  0.011  0.032    0.032    0.064    0.126    0.178    0.243    0.373	0.464	 0.480  3.260  3.367  3.397  3.415 -0.107 -0.030 -0.048
1.30 -2.3152  0.0794   2.760  3.314  3.420  3.432  3.449  3.458  3.366  3.342 -0.660 -0.106 -0.012 -0.029 -0.038  0.054  0.078    0.035    0.067    0.130    0.184    0.249    0.375	0.462	 0.477  3.318  3.414  3.436  3.447 -0.097 -0.022 -0.033
1.30 -2.3152  0.0891   2.838  3.370  3.466  3.472  3.479  3.471  3.368  3.342 -0.627 -0.096 -0.006 -0.013 -0.006  0.098  0.123    0.037    0.070    0.135    0.189    0.254    0.377	0.460	 0.474  3.374  3.461  3.474  3.479 -0.087 -0.013 -0.018
1.30 -2.3152  0.1000   2.932  3.442  3.527  3.528  3.526  3.505  3.394  3.367 -0.595 -0.085 -0.001  0.001  0.022  0.133  0.160    0.040    0.074    0.142    0.198    0.263    0.386	0.468	 0.482  3.446  3.523  3.528  3.526 -0.077 -0.006 -0.004
1.30 -2.3152  0.1122   3.008  3.497  3.570  3.562  3.549  3.506  3.382  3.353 -0.561 -0.073  0.008  0.020  0.063  0.188  0.216    0.043    0.077    0.147    0.203    0.267    0.384	0.459	 0.472  3.501  3.566  3.561  3.551 -0.065  0.005  0.015
1.30 -2.3152  0.1259   3.084  3.551  3.612  3.595  3.570  3.504  3.364  3.333 -0.528 -0.060  0.017  0.042  0.108  0.248  0.279    0.045    0.081    0.151    0.207    0.270    0.380	0.448	 0.459  3.555  3.608  3.591  3.573 -0.053  0.017  0.036
1.30 -2.3152  0.1413   3.172  3.614  3.663  3.638  3.604  3.521  3.368  3.335 -0.491 -0.049  0.024  0.059  0.142  0.295  0.328    0.049    0.085    0.157    0.214    0.276    0.383	0.446	 0.456  3.618  3.660  3.633  3.608 -0.042  0.027  0.053
1.30 -2.3152  0.1585   3.181  3.466  3.172  2.863  2.505  1.942  1.404  1.286  0.009  0.294  0.309  0.667  1.230  1.768  1.886    0.049    0.074    0.099    0.104    0.100    0.089	0.073	 0.069  3.489  3.180  2.800  2.532  0.308  0.381  0.648
1.30 -2.3152  0.1778   3.263  3.518  3.205  2.886  2.520  1.947  1.404  1.283  0.058  0.313  0.319  0.685  1.258  1.802  1.922    0.052    0.077    0.102    0.106    0.101    0.089	0.072	 0.068  3.541  3.214  2.822  2.547  0.327  0.392  0.667
1.30 -2.3152  0.1995   3.344  3.571  3.240  2.912  2.537  1.954  1.405  1.283  0.104  0.331  0.328  0.703  1.286  1.836  1.957    0.056    0.080    0.104    0.108    0.101    0.089	0.072	 0.068  3.595  3.250  2.846  2.564  0.345  0.404  0.685
1.30 -2.3152  0.2239   3.429  3.628  3.279  2.941  2.556  1.964  1.407  1.284  0.150  0.349  0.339  0.723  1.315  1.872  1.995    0.060    0.084    0.107    0.110    0.102    0.089	0.071	 0.067  3.654  3.289  2.873  2.584  0.365  0.416  0.705
1.30 -2.3152  0.2512   3.515  3.688  3.320  2.972  2.579  1.976  1.413  1.288  0.194  0.367  0.349  0.742  1.345  1.907  2.033    0.064    0.088    0.111    0.112    0.104    0.089	0.071	 0.067  3.714  3.331  2.902  2.607  0.383  0.428  0.724
1.30 -2.3152  0.2818   3.621  3.767  3.376  3.014  2.610  1.994  1.424  1.296  0.245  0.391  0.361  0.766  1.382  1.952  2.079    0.071    0.093    0.115    0.115    0.106    0.090	0.071	 0.067  3.795  3.387  2.943  2.639  0.408  0.444  0.748
1.30 -2.3152  0.3162   3.718  3.853  3.481  3.135  2.742  2.138  1.574  1.448  0.237  0.372  0.347  0.740  1.344  1.907  2.033    0.077    0.100    0.126    0.128    0.119    0.102	0.081	 0.076  3.879  3.492  3.066  2.770  0.387  0.426  0.722
1.30 -2.3152  0.3548   3.813  3.924  3.552  3.209  2.819  2.220  1.660  1.534  0.261  0.372  0.343  0.733  1.333  1.893  2.018    0.083    0.106    0.134    0.136    0.126    0.109	0.087	 0.082  3.949  3.563  3.141  2.848  0.386  0.422  0.715
1.30 -2.3152  0.3981   3.916  4.007  3.636  3.296  2.909  2.312  1.754  1.629  0.280  0.371  0.340  0.726  1.324  1.882  2.007    0.090    0.114    0.143    0.146    0.136    0.117	0.094	 0.089  4.032  3.647  3.228  2.937  0.385  0.418  0.709
1.30 -2.3152  0.4467   4.043  4.133  3.782  3.459  3.087  2.507  1.961  1.838  0.261  0.351  0.323  0.695  1.276  1.821  1.944    0.101    0.127    0.163    0.168    0.159    0.140	0.113	 0.107  4.156  3.793  3.394  3.115  0.363  0.399  0.678
1.30 -2.3152  0.5012   4.122  4.201  3.847  3.525  3.156  2.581  2.041  1.920  0.275  0.354  0.322  0.691  1.266  1.806  1.927    0.108    0.134    0.171    0.178    0.168    0.148	0.121	 0.114  4.223  3.858  3.460  3.183  0.365  0.398  0.674
1.30 -2.3152  0.5623   4.201  4.273  3.914  3.593  3.225  2.655  2.120  2.000  0.287  0.358  0.321  0.689  1.259  1.794  1.914    0.115    0.142    0.181    0.188    0.178    0.157	0.129	 0.122  4.295  3.925  3.528  3.252  0.369  0.398  0.673
1.30 -2.3152  0.6310   4.284  4.350  3.985  3.663  3.294  2.729  2.199  2.080  0.299  0.365  0.323  0.691  1.256  1.786  1.905    0.123    0.151    0.192    0.199    0.188    0.167	0.138	 0.130  4.372  3.997  3.597  3.322  0.375  0.400  0.675
1.30 -2.3152  0.7079   4.383  4.445  4.073  3.748  3.378  2.814  2.286  2.168  0.310  0.372  0.325  0.695  1.258  1.787  1.904    0.134    0.164    0.206    0.213    0.202    0.180	0.148	 0.140  4.467  4.085  3.682  3.406  0.382  0.403  0.679
1.30 -2.3152  0.7943   4.502  4.566  4.204  3.889  3.528  2.978  2.459  2.344  0.298  0.362  0.316  0.677  1.227  1.745  1.860    0.148    0.182    0.231    0.241    0.230    0.207	0.172	 0.164  4.587  4.217  3.824  3.555  0.370  0.393  0.662
1.30 -2.3152  0.8913   4.588  4.647  4.281  3.965  3.605  3.061  2.547  2.432  0.307  0.366  0.316  0.676  1.220  1.734  1.849    0.159    0.195    0.246    0.257    0.245    0.222	0.186	 0.176  4.668  4.294  3.901  3.633  0.374  0.393  0.661
1.30 -2.3152  1.0000   4.660  4.715  4.340  4.024  3.665  3.128  2.621  2.508  0.320  0.375  0.316  0.676  1.212  1.719  1.832    0.169    0.206    0.258    0.269    0.257    0.235	0.197	 0.188  4.735  4.354  3.959  3.692  0.381  0.395  0.661
1.30 -2.3152  1.1220   4.747  4.777  4.350  4.007  3.629  3.072  2.560  2.448  0.398  0.428  0.342  0.721  1.278  1.790  1.902    0.182    0.216    0.258    0.263    0.247    0.221	0.185	 0.176  4.801  4.365  3.938  3.658  0.436  0.427  0.707
1.30 -2.3152  1.2589   4.868  4.848  4.322  3.927  3.507  2.902  2.366  2.250  0.546  0.526  0.395  0.815  1.420  1.956  2.072    0.201    0.228    0.249    0.242    0.219    0.187	0.153	 0.145  4.879  4.340  3.849  3.539  0.540  0.490  0.800
1.30 -2.3152  1.4125   5.118  5.124  4.658  4.299  3.909  3.339  2.833  2.725  0.460  0.465  0.359  0.749  1.319  1.825  1.933    0.251    0.292    0.337    0.337    0.314    0.278	0.234	 0.223  5.150  4.675  4.227  3.940  0.475  0.448  0.735
1.30 -2.3152  1.5849   5.191  5.191  4.715  4.352  3.960  3.389  2.889  2.783  0.476  0.476  0.363  0.754  1.325  1.826  1.931    0.266    0.308    0.352    0.352    0.327    0.289	0.244	 0.234  5.217  4.732  4.279  3.991  0.485  0.452  0.740
1.30 -2.3152  1.7783   5.312  5.311  4.821  4.453  4.057  3.483  2.985  2.881  0.491  0.490  0.368  0.765  1.338  1.836  1.941    0.296    0.342    0.386    0.383    0.354    0.312	0.265	 0.254  5.338  4.839  4.380  4.088  0.499  0.459  0.751
1.30 -2.3152  1.9953   5.454  5.456  4.968  4.603  4.209  3.641  3.148  3.046  0.486  0.488  0.365  0.759  1.327  1.820  1.922    0.334    0.388    0.439    0.437    0.405    0.359	0.306	 0.293  5.483  4.986  4.530  4.241  0.497  0.456  0.745
1.30 -2.3152  2.2387   5.563  5.568  5.075  4.708  4.313  3.747  3.256  3.155  0.489  0.494  0.366  0.761  1.328  1.818  1.920    0.367    0.427    0.481    0.478    0.443    0.393	0.336	 0.322  5.595  5.093  4.635  4.345  0.502  0.458  0.747
1.30 -2.3152  2.5119   5.672  5.690  5.205  4.846  4.458  3.903  3.422  3.323  0.466  0.485  0.359  0.747  1.303  1.784  1.883    0.403    0.475    0.538    0.539    0.502    0.450	0.388	 0.374  5.716  5.224  4.775  4.490  0.492  0.449  0.734
1.30 -2.3152  2.8184   5.777  5.803  5.310  4.948  4.558  4.005  3.527  3.429  0.466  0.493  0.363  0.753  1.305  1.784  1.882    0.442    0.524    0.590    0.589    0.548    0.492	0.425	 0.410  5.830  5.329  4.876  4.590  0.500  0.454  0.739
1.30 -2.3152  3.1623   5.868  5.905  5.406  5.043  4.653  4.104  3.630  3.534  0.461  0.498  0.364  0.754  1.302  1.776  1.873    0.478    0.572    0.640    0.639    0.594    0.536	0.465	 0.449  5.931  5.426  4.970  4.685  0.505  0.456  0.741
1.30 -2.3152  3.5481   5.961  6.008  5.499  5.132  4.740  4.194  3.722  3.627  0.461  0.508  0.367  0.759  1.305  1.777  1.872    0.517    0.625    0.693    0.689    0.640    0.579	0.503	 0.486  6.034  5.520  5.059  4.773  0.515  0.460  0.746
1.30 -2.3152  3.9811   6.071  6.126  5.605  5.233  4.839  4.293  3.823  3.729  0.466  0.521  0.372  0.766  1.313  1.782  1.877    0.569    0.693    0.760    0.752    0.697    0.630	0.548	 0.530  6.154  5.626  5.160  4.872  0.527  0.466  0.754
1.30 -2.3152  4.4668   6.184  6.248  5.718  5.342  4.946  4.403  3.935  3.842  0.466  0.530  0.376  0.772  1.315  1.783  1.876    0.628    0.771    0.838    0.827    0.764    0.693	0.604	 0.585  6.276  5.739  5.269  4.980  0.536  0.471  0.760
1.30 -2.3152  5.0119   6.296  6.367  5.829  5.450  5.052  4.513  4.049  3.957  0.466  0.537  0.379  0.777  1.316  1.781  1.873    0.692    0.855    0.924    0.908    0.838    0.763	0.667	 0.647  6.395  5.851  5.376  5.086  0.543  0.475  0.765
1.30 -2.3152  5.6234   6.393  6.471  5.925  5.542  5.141  4.606  4.143  4.052  0.468  0.546  0.383  0.785  1.319  1.782  1.873    0.753    0.936    1.003    0.983    0.904    0.827	0.724	 0.702  6.499  5.948  5.467  5.176  0.552  0.481  0.772
1.30 -2.3152  6.3096   6.512  6.594  6.040  5.652  5.247  4.716  4.254  4.164  0.472  0.554  0.388  0.792  1.324  1.786  1.876    0.835    1.043    1.109    1.082    0.993    0.910	0.798	 0.775  6.623  6.063  5.576  5.283  0.560  0.486  0.780
1.30 -2.3152  7.0795   6.619  6.703  6.143  5.752  5.345  4.817  4.357  4.268  0.476  0.561  0.391  0.797  1.326  1.786  1.875    0.917    1.147    1.213    1.180    1.081    0.993	0.872	 0.848  6.733  6.166  5.676  5.381  0.567  0.490  0.785
1.30 -2.3152  7.9433   6.727  6.813  6.244  5.849  5.440  4.913  4.454  4.365  0.483  0.569  0.395  0.803  1.331  1.790  1.878    1.007    1.262    1.325    1.284    1.174    1.080	0.949	 0.923  6.843  6.268  5.773  5.477  0.575  0.495  0.791
1.30 -2.3152  8.9125   6.837  6.927  6.353  5.956  5.548  5.022  4.565  4.478  0.483  0.574  0.397  0.805  1.331  1.788  1.875    1.109    1.396    1.458    1.410    1.289    1.189	1.046	 1.018  6.957  6.378  5.880  5.585  0.580  0.497  0.793
1.30 -2.3152 10.0000   6.964  7.056  6.482  6.085  5.679  5.159  4.706  4.619  0.482  0.574  0.397  0.803  1.323  1.776  1.862    1.242    1.565    1.634    1.581    1.449    1.342	1.186	 1.155  7.086  6.507  6.010  5.717  0.579  0.497  0.790
1.30 -2.3152 11.2202   7.032  7.117  6.536  6.136  5.729  5.206  4.750  4.663  0.496  0.581  0.399  0.807  1.330  1.786  1.872    1.317    1.648    1.710    1.650    1.510    1.396	1.230	 1.198  7.148  6.561  6.061  5.767  0.587  0.500  0.794
1.30 -2.3152 12.5893   7.122  7.205  6.629  6.231  5.825  5.306  4.851  4.764  0.493  0.576  0.398  0.805  1.324  1.779  1.865    1.417    1.771    1.846    1.784    1.633    1.515	1.336	 1.302  7.236  6.655  6.156  5.863  0.582  0.498  0.791
1.30 -2.3152 14.1254   7.269  7.354  6.783  6.387  5.983  5.470  5.018  4.934  0.486  0.571  0.396  0.800  1.314  1.765  1.850    1.602    2.005    2.100    2.033    1.866    1.739	1.539	 1.502  7.385  6.809  6.313  6.023  0.576  0.496  0.786
1.30 -2.3152 15.8489   7.368  7.447  6.879  6.484  6.080  5.567  5.115  5.031  0.488  0.568  0.396  0.799  1.312  1.764  1.848    1.732    2.157    2.265    2.194    2.015    1.879	1.662	 1.623  7.478  6.905  6.411  6.121  0.573  0.495  0.785
1.30 -2.3152 17.7828   7.436  7.515  6.952  6.556  6.152  5.637  5.183  5.098  0.484  0.563  0.396  0.800  1.315  1.769  1.854    1.815    2.259    2.384    2.309    2.119    1.972	1.741	 1.699  7.546  6.978  6.484  6.193  0.568  0.495  0.785
1.30 -1.7129  0.0631   2.489  2.973  3.016  2.981  2.933  2.814  2.625  2.591 -0.528 -0.043  0.035  0.083  0.202  0.391  0.425    0.027    0.050    0.092    0.124    0.158    0.211	0.238	 0.244  2.978  3.014  2.973  2.938 -0.036  0.041  0.076
1.30 -1.7129  0.0708   2.590  3.059  3.095  3.056  3.003  2.875  2.680  2.645 -0.505 -0.036  0.039  0.093  0.220  0.415  0.450    0.030    0.053    0.098    0.131    0.167    0.222	0.248	 0.254  3.064  3.093  3.046  3.008 -0.029  0.047  0.085
1.30 -1.7129  0.0794   2.683  3.130  3.157  3.112  3.051  2.913  2.712  2.677 -0.474 -0.026  0.045  0.105  0.243  0.444  0.480    0.032    0.057    0.103    0.138    0.174    0.229	0.255	 0.260  3.135  3.155  3.101  3.057 -0.020  0.054  0.098
1.30 -1.7129  0.0891   2.769  3.197  3.213  3.161  3.091  2.938  2.725  2.688 -0.444 -0.016  0.052  0.122  0.275  0.487  0.525    0.035    0.060    0.108    0.143    0.179    0.232	0.256	 0.261  3.202  3.212  3.149  3.098 -0.010  0.063  0.114
1.30 -1.7129  0.1000   2.868  3.277  3.282  3.223  3.143  2.976  2.752  2.713 -0.414 -0.005  0.059  0.139  0.306  0.530  0.569    0.038    0.064    0.114    0.150    0.186    0.239	0.261	 0.265  3.282  3.281  3.209  3.151  0.001  0.073  0.131
1.30 -1.7129  0.1122   2.916  3.187  2.908  2.605  2.252  1.674  1.110  0.994  0.008  0.279  0.303  0.656  1.234  1.798  1.914    0.039    0.059    0.080    0.085    0.081    0.071	0.057	 0.054  3.209  2.916  2.543  2.277  0.293  0.372  0.638
1.30 -1.7129  0.1259   3.021  3.259  2.951  2.630  2.259  1.661  1.083  0.963  0.070  0.309  0.321  0.692  1.290  1.868  1.987    0.043    0.062    0.083    0.086    0.081    0.070	0.055	 0.052  3.283  2.959  2.564  2.286  0.323  0.395  0.674
1.30 -1.7129  0.1413   3.118  3.331  3.008  2.679  2.301  1.692  1.107  0.985  0.110  0.323  0.329  0.707  1.316  1.901  2.023    0.047    0.066    0.087    0.089    0.084    0.072	0.056	 0.053  3.354  3.017  2.613  2.328  0.337  0.404  0.689
1.30 -1.7129  0.1585   3.220  3.406  3.061  2.719  2.328  1.703  1.108  0.983  0.159  0.345  0.342  0.733  1.358  1.953  2.078    0.051    0.070    0.090    0.092    0.085    0.072	0.056	 0.052  3.430  3.071  2.650  2.356  0.360  0.421  0.714
1.30 -1.7129  0.1778   3.317  3.481  3.124  2.775  2.377  1.742  1.139  1.012  0.193  0.357  0.349  0.747  1.383  1.985  2.113    0.055    0.074    0.095    0.096    0.089    0.074	0.057	 0.053  3.507  3.134  2.705  2.406  0.372  0.429  0.728
1.30 -1.7129  0.1995   3.413  3.558  3.185  2.825  2.418  1.768  1.156  1.026  0.228  0.373  0.359  0.767  1.416  2.028  2.159    0.060    0.079    0.100    0.100    0.091    0.075	0.057	 0.054  3.584  3.195  2.754  2.447  0.389  0.441  0.748
1.30 -1.7129  0.2239   3.517  3.654  3.281  2.923  2.515  1.864  1.249  1.117  0.236  0.373  0.358  0.766  1.418  2.032  2.164    0.065    0.086    0.108    0.108    0.099    0.081	0.062	 0.058  3.679  3.292  2.852  2.545  0.387  0.440  0.747
1.30 -1.7129  0.2512   3.606  3.735  3.369  3.018  2.614  1.967  1.355  1.222  0.237  0.366  0.351  0.755  1.403  2.015  2.147    0.070    0.092    0.116    0.117    0.108    0.089	0.068	 0.063  3.760  3.380  2.948  2.644  0.380  0.433  0.737
1.30 -1.7129  0.2818   3.699  3.826  3.471  3.128  2.731  2.091  1.483  1.350  0.228  0.355  0.343  0.740  1.380  1.988  2.121    0.076    0.099    0.127    0.129    0.119    0.099	0.076	 0.071  3.850  3.482  3.060  2.761  0.368  0.422  0.721
1.30 -1.7129  0.3162   3.802  3.933  3.592  3.262  2.877  2.253  1.655  1.523  0.210  0.340  0.330  0.715  1.339  1.937  2.069    0.083    0.109    0.141    0.145    0.135    0.114	0.088	 0.082  3.954  3.603  3.196  2.906  0.351  0.408  0.697
1.30 -1.7129  0.3548   3.893  4.012  3.664  3.332  2.947  2.325  1.730  1.599  0.228  0.348  0.332  0.717  1.340  1.934  2.065    0.090    0.116    0.149    0.153    0.143    0.120	0.093	 0.087  4.034  3.676  3.265  2.976  0.358  0.411  0.700
1.30 -1.7129  0.3981   3.995  4.102  3.744  3.409  3.022  2.401  1.808  1.678  0.250  0.358  0.336  0.722  1.344  1.936  2.066    0.098    0.125    0.159    0.163    0.152    0.128	0.100	 0.093  4.124  3.756  3.341  3.052  0.368  0.415  0.705
1.30 -1.7129  0.4467   4.099  4.195  3.831  3.493  3.105  2.485  1.892  1.763  0.268  0.364  0.338  0.726  1.347  1.939  2.069    0.107    0.135    0.171    0.175    0.163    0.137	0.107	 0.100  4.217  3.844  3.426  3.135  0.373  0.418  0.709
1.30 -1.7129  0.5012   4.202  4.292  3.932  3.600  3.218  2.611  2.027  1.900  0.270  0.360  0.332  0.714  1.321  1.904  2.032    0.116    0.146    0.186    0.191    0.179    0.153	0.120	 0.113  4.313  3.945  3.533  3.248  0.369  0.411  0.697
1.30 -1.7129  0.5623   4.310  4.384  4.014  3.679  3.295  2.689  2.108  1.981  0.296  0.370  0.335  0.719  1.325  1.906  2.033    0.128    0.158    0.199    0.204    0.191    0.163	0.128	 0.120  4.406  4.028  3.612  3.325  0.378  0.415  0.703
1.30 -1.7129  0.6310   4.443  4.498  4.109  3.766  3.377  2.766  2.185  2.058  0.335  0.389  0.343  0.732  1.343  1.924  2.050    0.143    0.174    0.216    0.219    0.204    0.174	0.137	 0.128  4.520  4.122  3.697  3.407  0.398  0.425  0.715
1.30 -1.7129  0.7079   4.562  4.605  4.210  3.870  3.487  2.886  2.317  2.194  0.352  0.396  0.340  0.723  1.323  1.892  2.015    0.158    0.191    0.235    0.240    0.224    0.193	0.153	 0.144  4.628  4.224  3.802  3.517  0.404  0.422  0.707
1.30 -1.7129  0.7943   4.674  4.700  4.288  3.942  3.556  2.952  2.388  2.267  0.386  0.412  0.347  0.733  1.336  1.900  2.022    0.174    0.207    0.251    0.254    0.237    0.203	0.162	 0.153  4.723  4.303  3.872  3.586  0.420  0.431  0.717
1.30 -1.7129  0.8913   4.794  4.805  4.379  4.027  3.637  3.032  2.473  2.355  0.415  0.426  0.352  0.742  1.347  1.906  2.025    0.194    0.226    0.271    0.273    0.254    0.217	0.174	 0.165  4.829  4.395  3.957  3.668  0.434  0.438  0.727
1.30 -1.7129  1.0000   4.904  4.906  4.470  4.118  3.729  3.128  2.579  2.464  0.434  0.436  0.351  0.741  1.342  1.891  2.006    0.212    0.247    0.292    0.295    0.274    0.236	0.191	 0.181  4.930  4.486  4.048  3.760  0.444  0.438  0.726
1.30 -1.7129  1.1220   4.981  4.965  4.492  4.123  3.719  3.104  2.550  2.436  0.490  0.473  0.369  0.772  1.388  1.942  2.056    0.227    0.258    0.296    0.294    0.270    0.229	0.184	 0.175  4.992  4.509  4.050  3.751  0.483  0.459  0.757
1.30 -1.7129  1.2589   5.063  5.009  4.477  4.077  3.650  3.009  2.440  2.323  0.585  0.532  0.400  0.827  1.469  2.038  2.154    0.242    0.267    0.290    0.279    0.251    0.208	0.165	 0.157  5.040  4.495  3.999  3.683  0.545  0.496  0.812
1.30 -1.7129  1.4125   5.325  5.263  4.764  4.383  3.973  3.352  2.799  2.686  0.562  0.500  0.381  0.790  1.411  1.965  2.077    0.305    0.333    0.373    0.366    0.334    0.282	0.227	 0.216  5.292  4.781  4.308  4.006  0.510  0.473  0.775
1.30 -1.7129  1.5849   5.425  5.356  4.844  4.460  4.048  3.428  2.878  2.767  0.580  0.512  0.385  0.796  1.416  1.966  2.078    0.332    0.361    0.399    0.390    0.356    0.301	0.243	 0.231  5.386  4.863  4.384  4.081  0.523  0.478  0.781
1.30 -1.7129  1.7783   5.527  5.456  4.925  4.534  4.118  3.498  2.950  2.839  0.601  0.530  0.392  0.807  1.428  1.976  2.086    0.362    0.392    0.427    0.415    0.377    0.318	0.258	 0.245  5.486  4.944  4.457  4.151  0.541  0.487  0.793
1.30 -1.7129  1.9953   5.638  5.566  5.024  4.628  4.210  3.594  3.051  2.942  0.614  0.542  0.396  0.813  1.429  1.973  2.082    0.398    0.431    0.464    0.449    0.407    0.345	0.281	 0.268  5.597  5.043  4.550  4.244  0.553  0.493  0.799
1.30 -1.7129  2.2387   5.747  5.677  5.128  4.730  4.312  3.698  3.157  3.049  0.619  0.550  0.398  0.816  1.430  1.971  2.079    0.437    0.475    0.507    0.490    0.444    0.377	0.307	 0.294  5.708  5.148  4.652  4.346  0.561  0.495  0.802
1.30 -1.7129  2.5119   5.857  5.793  5.244  4.848  4.433  3.826  3.291  3.185  0.614  0.549  0.395  0.810  1.418  1.952  2.059    0.480    0.524    0.560    0.542    0.493    0.421	0.345	 0.330  5.823  5.264  4.771  4.467  0.560  0.493  0.796
1.30 -1.7129  2.8184   5.942  5.882  5.335  4.942  4.529  3.927  3.397  3.292  0.607  0.547  0.393  0.806  1.407  1.938  2.043    0.516    0.565    0.605    0.587    0.535    0.460	0.378	 0.362  5.912  5.355  4.865  4.563  0.557  0.490  0.792
1.30 -1.7129  3.1623   6.071  6.013  5.457  5.063  4.650  4.054  3.528  3.425  0.614  0.556  0.395  0.807  1.404  1.929  2.032    0.577    0.634    0.673    0.652    0.594    0.513	0.424	 0.407  6.044  5.478  4.986  4.685  0.566  0.492  0.793
1.30 -1.7129  3.5481   6.197  6.143  5.577  5.178  4.764  4.170  3.648  3.546  0.621  0.566  0.399  0.813  1.406  1.929  2.031    0.645    0.710    0.747    0.721    0.656    0.568	0.471	 0.452  6.174  5.598  5.101  4.798  0.576  0.497  0.800
1.30 -1.7129  3.9811   6.314  6.265  5.692  5.290  4.874  4.287  3.769  3.669  0.623  0.574  0.401  0.817  1.404  1.922  2.023    0.713    0.790    0.825    0.795    0.722    0.628	0.523	 0.503  6.297  5.714  5.212  4.909  0.583  0.501  0.804
1.30 -1.7129  4.4668   6.429  6.386  5.806  5.402  4.985  4.404  3.889  3.790  0.623  0.580  0.404  0.821  1.402  1.917  2.016    0.789    0.877    0.911    0.875    0.794    0.695	0.581	 0.559  6.418  5.828  5.324  5.020  0.589  0.505  0.808
1.30 -1.7129  5.0119   6.533  6.499  5.913  5.506  5.088  4.513  4.003  3.906  0.621  0.586  0.407  0.824  1.400  1.910  2.007    0.863    0.968    0.999    0.958    0.869    0.765	0.641	 0.618  6.532  5.936  5.428  5.124  0.596  0.508  0.811
1.30 -1.7129  5.6234   6.639  6.612  6.014  5.603  5.182  4.608  4.100  4.003  0.625  0.598  0.411  0.832  1.406  1.914  2.011    0.946    1.068    1.091    1.042    0.942    0.830	0.697	 0.673  6.645  6.038  5.524  5.219  0.608  0.514  0.819
1.30 -1.7129  6.3096   6.738  6.729  6.123  5.709  5.287  4.715  4.210  4.115  0.615  0.606  0.414  0.836  1.408  1.913  2.008    1.030    1.183    1.200    1.142    1.032    0.911	0.767	 0.741  6.763  6.147  5.630  5.324  0.616  0.517  0.823
1.30 -1.7129  7.0795   6.832  6.836  6.222  5.805  5.383  4.813  4.311  4.217  0.610  0.614  0.417  0.839  1.409  1.911  2.004    1.118    1.299    1.307    1.242    1.121    0.992	0.838	 0.811  6.871  6.246  5.726  5.420  0.624  0.520  0.826
1.30 -1.7129  7.9433   6.938  6.942  6.319  5.899  5.476  4.907  4.408  4.315  0.620  0.623  0.420  0.843  1.412  1.911  2.004    1.227    1.425    1.422    1.347    1.215    1.076	0.911	 0.883  6.977  6.344  5.820  5.514  0.634  0.524  0.830
1.30 -1.7129  8.9125   7.045  7.048  6.418  5.996  5.573  5.005  4.509  4.418  0.627  0.630  0.422  0.845  1.413  1.909  2.000    1.347    1.563    1.550    1.466    1.322    1.172	0.995	 0.965  7.084  6.443  5.917  5.611  0.641  0.526  0.832
1.30 -1.7129 10.0000   7.166  7.170  6.539  6.117  5.695  5.133  4.641  4.552  0.627  0.631  0.422  0.844  1.406  1.897  1.987    1.498    1.742    1.725    1.631    1.473    1.312	1.119	 1.087  7.207  6.564  6.038  5.734  0.642  0.526  0.830
1.30 -1.7129 11.2202   7.263  7.267  6.631  6.208  5.786  5.225  4.736  4.648  0.632  0.636  0.423  0.845  1.406  1.895  1.983    1.631    1.896    1.870    1.766    1.594    1.422	1.216	 1.183  7.304  6.657  6.129  5.825  0.647  0.528  0.832
1.30 -1.7129 12.5893   7.361  7.364  6.725  6.302  5.880  5.321  4.836  4.748  0.636  0.639  0.423  0.845  1.404  1.889  1.977    1.773    2.057    2.024    1.911    1.726    1.543	1.323	 1.288  7.401  6.751  6.223  5.920  0.649  0.528  0.832
1.30 -1.7129 14.1254   7.460  7.460  6.828  6.407  5.989  5.438  4.957  4.870  0.632  0.632  0.421  0.839  1.390  1.871  1.958    1.918    2.219    2.198    2.080    1.885    1.697	1.461	 1.423  7.496  6.855  6.330  6.030  0.642  0.525  0.825
1.30 -1.7129 15.8489   7.552  7.549  6.922  6.502  6.085  5.537  5.056  4.969  0.630  0.627  0.419  0.837  1.385  1.866  1.952    2.061    2.379    2.366    2.242    2.032    1.835	1.581	 1.540  7.585  6.948  6.426  6.126  0.637  0.523  0.823
1.30 -1.7129 17.7828   7.650  7.637  7.024  6.608  6.194  5.648  5.167  5.080  0.626  0.613  0.415  0.830  1.375  1.856  1.943    2.219    2.539    2.557    2.433    2.211    2.001	1.724	 1.679  7.673  7.050  6.533  6.235  0.622  0.517  0.815
1.30 -1.3146  0.0631   2.502  2.895  2.847  2.749  2.623  2.366  2.078  2.028 -0.346  0.048  0.099  0.225  0.481  0.769  0.819    0.028    0.046    0.079    0.100    0.119    0.140	0.144	 0.145  2.903  2.849  2.725  2.634  0.053  0.124  0.215
1.30 -1.3146  0.0708   2.592  2.975  2.926  2.830  2.707  2.460  2.182  2.134 -0.334  0.049  0.096  0.219  0.467  0.744  0.792    0.030    0.050    0.084    0.107    0.127    0.152	0.157	 0.159  2.982  2.928  2.807  2.719  0.054  0.121  0.210
1.30 -1.3146  0.0794   2.698  3.070  3.011  2.909  2.779  2.524  2.245  2.196 -0.313  0.059  0.102  0.231  0.487  0.766  0.814    0.033    0.054    0.090    0.114    0.135    0.160	0.166	 0.167  3.077  3.013  2.885  2.791  0.064  0.129  0.222
1.30 -1.3146  0.0891   2.796  3.154  3.082  2.972  2.834  2.568  2.282  2.232 -0.286  0.072  0.110  0.248  0.514  0.800  0.850    0.036    0.058    0.096    0.121    0.141    0.165	0.171	 0.172  3.161  3.085  2.947  2.847  0.076  0.139  0.238
1.30 -1.3146  0.1000   2.898  3.242  3.161  3.046  2.901  2.629  2.338  2.287 -0.264  0.081  0.115  0.260  0.532  0.823  0.874    0.039    0.062    0.102    0.128    0.149    0.174	0.178	 0.179  3.249  3.165  3.019  2.915  0.084  0.146  0.250
1.30 -1.3146  0.1122   2.987  3.242  2.942  2.621  2.244  1.612  1.001  0.870  0.045  0.300  0.321  0.699  1.331  1.941  2.073    0.042    0.062    0.083    0.086    0.081    0.068	0.052	 0.048  3.263  2.952  2.556  2.273  0.311  0.396  0.679
1.30 -1.3146  0.1259   3.085  3.327  3.015  2.687  2.303  1.662  1.046  0.912  0.070  0.312  0.328  0.712  1.353  1.969  2.103    0.046    0.066    0.088    0.091    0.085    0.070	0.054	 0.050  3.348  3.025  2.622  2.333  0.323  0.404  0.692
1.30 -1.3146  0.1413   3.185  3.412  3.080  2.737  2.339  1.677  1.048  0.910  0.105  0.333  0.343  0.741  1.402  2.031  2.169    0.050    0.071    0.093    0.094    0.087    0.071	0.053	 0.049  3.435  3.091  2.669  2.370  0.344  0.422  0.721
1.30 -1.3146  0.1585   3.285  3.497  3.139  2.776  2.357  1.665  1.016  0.872  0.146  0.358  0.364  0.782  1.474  2.124  2.267    0.054    0.076    0.097    0.097    0.088    0.069	0.051	 0.047  3.522  3.151  2.705  2.389  0.371  0.446  0.762
1.30 -1.3146  0.1778   3.397  3.601  3.236  2.867  2.441  1.735  1.076  0.929  0.161  0.365  0.369  0.795  1.502  2.160  2.307    0.060    0.083    0.106    0.105    0.094    0.074	0.054	 0.050  3.626  3.249  2.796  2.474  0.377  0.452  0.774
1.30 -1.3146  0.1995   3.500  3.697  3.338  2.975  2.552  1.845  1.187  1.039  0.162  0.359  0.363  0.786  1.493  2.151  2.300    0.065    0.090    0.115    0.115    0.104    0.081	0.059	 0.054  3.721  3.351  2.905  2.585  0.370  0.445  0.765
1.30 -1.3146  0.2239   3.612  3.801  3.454  3.100  2.683  1.978  1.321  1.172  0.158  0.347  0.353  0.770  1.475  2.133  2.282    0.072    0.099    0.127    0.128    0.116    0.091	0.066	 0.061  3.824  3.466  3.032  2.716  0.358  0.434  0.750
1.30 -1.3146  0.2512   3.699  3.878  3.547  3.208  2.804  2.114  1.467  1.319  0.152  0.331  0.339  0.743  1.432  2.080  2.227    0.077    0.105    0.137    0.140    0.129    0.102	0.075	 0.069  3.899  3.559  3.142  2.836  0.340  0.416  0.723
1.30 -1.3146  0.2818   3.790  3.954  3.630  3.297  2.900  2.217  1.573  1.426  0.160  0.325  0.332  0.730  1.413  2.057  2.204    0.083    0.112    0.147    0.151    0.139    0.111	0.082	 0.076  3.975  3.642  3.233  2.931  0.333  0.409  0.710
1.30 -1.3146  0.3162   3.871  4.023  3.717  3.398  3.012  2.341  1.701  1.554  0.154  0.306  0.319  0.705  1.376  2.016  2.163    0.089    0.118    0.158    0.164    0.153    0.124	0.092	 0.085  4.042  3.728  3.336  3.043  0.314  0.392  0.686
1.30 -1.3146  0.3548   3.962  4.101  3.799  3.489  3.112  2.460  1.833  1.689  0.163  0.303  0.310  0.687  1.338  1.965  2.110    0.096    0.126    0.169    0.177    0.167    0.137	0.103	 0.095  4.119  3.810  3.427  3.142  0.309  0.383  0.668
1.30 -1.3146  0.3981   4.062  4.181  3.865  3.552  3.173  2.523  1.899  1.755  0.196  0.316  0.314  0.692  1.342  1.967  2.110    0.104    0.135    0.179    0.187    0.175    0.144	0.109	 0.101  4.200  3.878  3.490  3.204  0.322  0.388  0.674
1.30 -1.3146  0.4467   4.170  4.268  3.941  3.623  3.242  2.591  1.967  1.824  0.230  0.328  0.318  0.699  1.350  1.973  2.116    0.114    0.145    0.190    0.198    0.185    0.152	0.115	 0.106  4.287  3.953  3.560  3.272  0.334  0.393  0.681
1.30 -1.3146  0.5012   4.306  4.384  4.044  3.722  3.340  2.691  2.077  1.937  0.263  0.340  0.322  0.704  1.353  1.967  2.107    0.129    0.160    0.207    0.215    0.201    0.166	0.126	 0.117  4.403  4.057  3.658  3.371  0.346  0.399  0.686
1.30 -1.3146  0.5623   4.432  4.486  4.125  3.793  3.404  2.751  2.140  2.002  0.306  0.361  0.332  0.721  1.374  1.986  2.123    0.143    0.175    0.222    0.228    0.212    0.174	0.133	 0.123  4.506  4.139  3.728  3.436  0.367  0.412  0.704
1.30 -1.3146  0.6310   4.562  4.602  4.217  3.874  3.476  2.815  2.204  2.068  0.345  0.385  0.342  0.741  1.402  2.013  2.148    0.160    0.193    0.239    0.244    0.225    0.183	0.140	 0.130  4.623  4.231  3.807  3.508  0.392  0.424  0.723
1.30 -1.3146  0.7079   4.695  4.716  4.321  3.980  3.583  2.928  2.325  2.193  0.373  0.394  0.342  0.738  1.393  1.996  2.129    0.180    0.212    0.262    0.266    0.246    0.201	0.155	 0.145  4.738  4.336  3.912  3.616  0.401  0.424  0.721
1.30 -1.3146  0.7943   4.817  4.815  4.406  4.059  3.660  3.004  2.403  2.271  0.412  0.410  0.347  0.746  1.402  2.003  2.135    0.200    0.231    0.281    0.285    0.262    0.214	0.165	 0.155  4.838  4.421  3.991  3.693  0.417  0.430  0.729
1.30 -1.3146  0.8913   4.947  4.924  4.498  4.146  3.743  3.084  2.485  2.354  0.449  0.425  0.353  0.755  1.414  2.014  2.145    0.224    0.254    0.304    0.306    0.281    0.229	0.177	 0.166  4.947  4.514  4.076  3.776  0.433  0.438  0.738
1.30 -1.3146  1.0000   5.063  5.020  4.581  4.225  3.822  3.168  2.576  2.447  0.482  0.439  0.356  0.758  1.412  2.005  2.134    0.247    0.275    0.325    0.327    0.300    0.246	0.191	 0.179  5.043  4.597  4.155  3.855  0.447  0.442  0.742
1.30 -1.3146  1.1220   5.169  5.108  4.655  4.294  3.888  3.235  2.645  2.517  0.514  0.454  0.361  0.766  1.420  2.010  2.137    0.271    0.296    0.346    0.346    0.317    0.260	0.202	 0.190  5.133  4.671  4.223  3.921  0.462  0.448  0.750
1.30 -1.3146  1.2589   5.238  5.150  4.646  4.259  3.835  3.163  2.566  2.439  0.591  0.503  0.387  0.812  1.483  2.080  2.208    0.286    0.306    0.340    0.332    0.299    0.241	0.187	 0.175  5.178  4.664  4.184  3.869  0.513  0.480  0.796
1.30 -1.3146  1.4125   5.411  5.289  4.745  4.330  3.882  3.184  2.567  2.434  0.666  0.544  0.415  0.863  1.560  2.178  2.311    0.332    0.343    0.368    0.351    0.309    0.243	0.185	 0.172  5.321  4.764  4.251  3.918  0.557  0.513  0.846
1.30 -1.3146  1.5849   5.564  5.449  4.920  4.521  4.092  3.425  2.832  2.706  0.644  0.529  0.399  0.828  1.495  2.088  2.214    0.379    0.394    0.429    0.415    0.372    0.301	0.234	 0.220  5.479  4.939  4.445  4.126  0.540  0.495  0.813
1.30 -1.3146  1.7783   5.682  5.570  5.020  4.615  4.183  3.518  2.930  2.806  0.663  0.550  0.405  0.837  1.502  2.090  2.214    0.419    0.437    0.467    0.448    0.401    0.325	0.254	 0.239  5.601  5.039  4.537  4.218  0.561  0.503  0.822
1.30 -1.3146  1.9953   5.812  5.697  5.121  4.706  4.267  3.600  3.012  2.889  0.692  0.576  0.415  0.854  1.521  2.108  2.231    0.469    0.488    0.509    0.484    0.430    0.348	0.272	 0.256  5.730  5.141  4.626  4.303  0.589  0.515  0.839
1.30 -1.3146  2.2387   5.925  5.813  5.225  4.807  4.368  3.707  3.126  3.005  0.700  0.588  0.418  0.857  1.518  2.099  2.220    0.516    0.539    0.556    0.527    0.469    0.381	0.300	 0.283  5.846  5.246  4.727  4.404  0.601  0.519  0.842
1.30 -1.3146  2.5119   6.041  5.935  5.344  4.927  4.490  3.837  3.261  3.142  0.697  0.590  0.417  0.854  1.507  2.083  2.202    0.570    0.599    0.616    0.585    0.521    0.427	0.337	 0.318  5.968  5.366  4.847  4.526  0.602  0.519  0.840
1.30 -1.3146  2.8184   6.128  6.025  5.438  5.021  4.585  3.935  3.359  3.240  0.690  0.588  0.416  0.853  1.503  2.078  2.198    0.614    0.646    0.667    0.634    0.564    0.464	0.366	 0.346  6.058  5.459  4.942  4.621  0.599  0.518  0.838
1.30 -1.3146  3.1623   6.252  6.152  5.558  5.139  4.703  4.061  3.492  3.375  0.694  0.595  0.419  0.855  1.496  2.066  2.183    0.684    0.722    0.740    0.702    0.625    0.518	0.411	 0.389  6.186  5.580  5.059  4.739  0.606  0.520  0.840
1.30 -1.3146  3.5481   6.375  6.279  5.675  5.253  4.815  4.177  3.610  3.494  0.700  0.604  0.423  0.860  1.498  2.065  2.181    0.761    0.807    0.819    0.774    0.689    0.573	0.456	 0.432  6.314  5.698  5.172  4.851  0.616  0.526  0.846
1.30 -1.3146  3.9811   6.485  6.397  5.782  5.354  4.915  4.280  3.717  3.602  0.703  0.616  0.427  0.867  1.502  2.065  2.180    0.837    0.894    0.898    0.845    0.751    0.626	0.500	 0.474  6.433  5.805  5.273  4.952  0.628  0.531  0.853
1.30 -1.3146  4.4668   6.592  6.507  5.880  5.448  5.006  4.373  3.811  3.697  0.712  0.627  0.432  0.874  1.507  2.069  2.183    0.918    0.983    0.978    0.916    0.812    0.678	0.542	 0.515  6.543  5.903  5.366  5.043  0.640  0.537  0.860
1.30 -1.3146  5.0119   6.693  6.626  5.992  5.558  5.116  4.486  3.928  3.816  0.701  0.634  0.434  0.876  1.506  2.063  2.176    1.002    1.091    1.078    1.007    0.893    0.748	0.600	 0.571  6.663  6.016  5.476  5.153  0.648  0.540  0.862
1.30 -1.3146  5.6234   6.803  6.737  6.090  5.652  5.208  4.580  4.025  3.913  0.714  0.647  0.438  0.881  1.510  2.065  2.176    1.103    1.201    1.173    1.092    0.967    0.811	0.652	 0.621  6.775  6.114  5.569  5.246  0.661  0.545  0.868
1.30 -1.3146  6.3096   6.919  6.851  6.194  5.752  5.308  4.682  4.130  4.020  0.725  0.657  0.442  0.885  1.512  2.064  2.173    1.221    1.327    1.284    1.192    1.055    0.885	0.715	 0.682  6.890  6.218  5.669  5.347  0.672  0.549  0.871
1.30 -1.3146  7.0795   7.045  6.974  6.309  5.864  5.420  4.798  4.251  4.143  0.737  0.666  0.444  0.888  1.511  2.058  2.166    1.364    1.479    1.419    1.314    1.163    0.980	0.795	 0.759  7.014  6.333  5.781  5.459  0.681  0.552  0.874
1.30 -1.3146  7.9433   7.153  7.079  6.404  5.956  5.512  4.890  4.346  4.240  0.749  0.675  0.448  0.892  1.514  2.058  2.164    1.499    1.620    1.541    1.423    1.258    1.062	0.863	 0.826  7.120  6.429  5.873  5.550  0.691  0.556  0.878
1.30 -1.3146  8.9125   7.265  7.188  6.504  6.054  5.609  4.989  4.448  4.343  0.761  0.684  0.451  0.896  1.515  2.056  2.161    1.653    1.782    1.682    1.549    1.369    1.157	0.943	 0.903  7.230  6.529  5.970  5.648  0.700  0.560  0.882
1.30 -1.3146 10.0000   7.382  7.305  6.615  6.163  5.719  5.103  4.567  4.464  0.767  0.689  0.452  0.897  1.512  2.049  2.152    1.832    1.975    1.855    1.705    1.508    1.279	1.047	 1.005  7.347  6.641  6.080  5.758  0.706  0.561  0.883
1.30 -1.3146 11.2202   7.484  7.404  6.708  6.253  5.807  5.193  4.660  4.558  0.777  0.697  0.455  0.900  1.514  2.047  2.149    2.005    2.156    2.010    1.844    1.629    1.384	1.136	 1.092  7.447  6.733  6.169  5.847  0.714  0.564  0.886
1.30 -1.3146 12.5893   7.602  7.519  6.814  6.357  5.910  5.296  4.765  4.664  0.788  0.704  0.458  0.905  1.518  2.050  2.150    2.224    2.384    2.208    2.020    1.782    1.515	1.246	 1.197  7.563  6.841  6.273  5.950  0.722  0.568  0.890
1.30 -1.3146 14.1254   7.663  7.582  6.876  6.418  5.972  5.362  4.834  4.734  0.787  0.706  0.458  0.904  1.514  2.042  2.142    2.327    2.500    2.311    2.114    1.867    1.592	1.313	 1.264  7.626  6.902  6.334  6.013  0.724  0.568  0.890
1.30 -1.3146 15.8489   7.803  7.722  7.022  6.567  6.124  5.524  5.004  4.907  0.781  0.700  0.455  0.898  1.497  2.017  2.115    2.612    2.806    2.609    2.392    2.119    1.824	1.516	 1.462  7.765  7.048  6.484  6.166  0.717  0.564  0.883
1.30 -1.3146 17.7828   7.869  7.787  7.105  6.655  6.216  5.622  5.104  5.006  0.765  0.682  0.450  0.889  1.482  2.001  2.099    2.744    2.944    2.783    2.565    2.280    1.973	1.642	 1.583  7.829  7.131  6.574  6.258  0.698  0.558  0.873
1.30 -0.7052  0.0631   2.580  2.994  2.927  2.792  2.618  2.267  1.862  1.779 -0.347  0.066  0.135  0.309  0.660  1.065  1.149    0.030    0.051    0.085    0.104    0.118    0.128	0.118	 0.115  3.004  2.928  2.762  2.633  0.075  0.166  0.296
1.30 -0.7052  0.0708   2.680  3.072  2.998  2.863  2.689  2.340  1.944  1.862 -0.318  0.073  0.136  0.310  0.658  1.054  1.136    0.033    0.054    0.090    0.110    0.125    0.136	0.127	 0.124  3.082  3.000  2.832  2.704  0.082  0.168  0.297
1.30 -0.7052  0.0794   2.784  3.157  3.080  2.947  2.778  2.440  2.058  1.980 -0.296  0.076  0.133  0.302  0.640  1.022  1.101    0.036    0.058    0.096    0.119    0.135    0.148	0.140	 0.137  3.166  3.082  2.917  2.793  0.084  0.165  0.290
1.30 -0.7052  0.0891   2.883  3.233  3.149  3.015  2.845  2.509  2.134  2.057 -0.266  0.084  0.134  0.304  0.640  1.015  1.092    0.039    0.062    0.102    0.126    0.143    0.157	0.149	 0.147  3.242  3.152  2.985  2.860  0.090  0.167  0.292
1.30 -0.7052  0.1000   2.974  3.308  3.218  3.082  2.911  2.576  2.206  2.130 -0.244  0.090  0.136  0.306  0.642  1.012  1.088    0.042    0.066    0.108    0.133    0.151    0.166	0.158	 0.156  3.317  3.221  3.052  2.926  0.096  0.169  0.295
1.30 -0.7052  0.1122   3.064  3.379  3.260  3.091  2.862  2.419  1.938  1.826 -0.195  0.120  0.169  0.398  0.841  1.322  1.433    0.045    0.070    0.111    0.133    0.143    0.142	0.123	 0.117  3.390  3.264  3.054  2.881  0.126  0.210  0.383
1.30 -0.7052  0.1259   3.154  3.423  3.200  2.903  2.422  1.615  0.868  0.675 -0.046  0.223  0.297  0.778  1.585  2.332  2.525    0.049    0.073    0.105    0.111    0.095    0.068	0.046	 0.040  3.439  3.209  2.847  2.457  0.230  0.362  0.752
1.30 -0.7052  0.1413   3.252  3.509  3.291  3.002  2.523  1.715  0.967  0.771 -0.039  0.218  0.289  0.768  1.576  2.323  2.520    0.053    0.078    0.113    0.121    0.104    0.074	0.050	 0.044  3.525  3.300  2.947  2.557  0.225  0.353  0.742
1.30 -0.7052  0.1585   3.338  3.581  3.369  3.092  2.629  1.838  1.101  0.905 -0.031  0.213  0.276  0.739  1.531  2.268  2.464    0.057    0.083    0.121    0.130    0.113    0.082	0.056	 0.049  3.596  3.378  3.039  2.663  0.219  0.338  0.715
1.30 -0.7052  0.1778   3.429  3.657  3.455  3.193  2.751  1.980  1.254  1.059 -0.026  0.203  0.262  0.704  1.475  2.200  2.396    0.062    0.088    0.130    0.142    0.126    0.093	0.064	 0.056  3.671  3.463  3.142  2.783  0.208  0.321  0.680
1.30 -0.7052  0.1995   3.534  3.745  3.542  3.292  2.874  2.127  1.421  1.228 -0.009  0.203  0.250  0.668  1.415  2.121  2.314    0.068    0.095    0.140    0.155    0.140    0.105	0.074	 0.065  3.758  3.551  3.243  2.905  0.207  0.308  0.645
1.30 -0.7052  0.2239   3.641  3.834  3.628  3.385  2.984  2.256  1.567  1.376  0.013  0.206  0.243  0.644  1.372  2.061  2.252    0.074    0.102    0.150    0.167    0.154    0.118	0.084	 0.074  3.847  3.637  3.337  3.015  0.210  0.300  0.622
1.30 -0.7052  0.2512   3.768  3.940  3.735  3.503  3.130  2.442  1.784  1.600  0.033  0.205  0.232  0.605  1.293  1.951  2.135    0.083    0.112    0.164    0.185    0.175    0.139	0.102	 0.090  3.952  3.744  3.456  3.159  0.208  0.288  0.585
1.30 -0.7052  0.2818   3.883  4.031  3.810  3.570  3.192  2.505  1.851  1.671  0.073  0.221  0.240  0.617  1.305  1.959  2.139    0.091    0.121    0.175    0.195    0.184    0.146	0.107	 0.096  4.043  3.819  3.521  3.222  0.224  0.298  0.598
1.30 -0.7052  0.3162   4.016  4.137  3.898  3.649  3.265  2.572  1.920  1.742  0.118  0.239  0.249  0.633  1.325  1.978  2.156    0.102    0.133    0.188    0.209    0.195    0.154	0.114	 0.102  4.151  3.908  3.598  3.294  0.242  0.310  0.614
1.30 -0.7052  0.3548   4.159  4.250  3.998  3.741  3.351  2.652  1.997  1.820  0.161  0.252  0.256  0.647  1.346  2.001  2.178    0.116    0.146    0.205    0.226    0.210    0.165	0.121	 0.108  4.264  4.009  3.690  3.381  0.255  0.319  0.627
1.30 -0.7052  0.3981   4.297  4.355  4.091  3.833  3.448  2.760  2.117  1.944  0.206  0.264  0.259  0.643  1.331  1.974  2.147    0.131    0.160    0.222    0.244    0.228    0.181	0.134	 0.121  4.369  4.102  3.781  3.478  0.267  0.321  0.624
1.30 -0.7052  0.4467   4.438  4.457  4.174  3.907  3.515  2.820  2.175  2.003  0.263  0.282  0.267  0.660  1.354  1.999  2.172    0.148    0.174    0.238    0.259    0.241    0.190	0.141	 0.127  4.472  4.186  3.854  3.546  0.286  0.332  0.640
1.30 -0.7052  0.5012   4.581  4.565  4.264  3.988  3.587  2.884  2.236  2.063  0.317  0.301  0.276  0.677  1.380  2.028  2.201    0.168    0.191    0.257    0.278    0.256    0.200	0.148	 0.133  4.581  4.276  3.933  3.618  0.305  0.343  0.658
1.30 -0.7052  0.5623   4.715  4.669  4.350  4.065  3.656  2.944  2.294  2.120  0.365  0.319  0.285  0.694  1.406  2.056  2.230    0.188    0.209    0.276    0.296    0.270    0.210	0.155	 0.139  4.686  4.363  4.008  3.688  0.323  0.355  0.675
1.30 -0.7052  0.6310   4.848  4.777  4.434  4.136  3.719  3.001  2.350  2.177  0.414  0.343  0.298  0.715  1.433  2.083  2.257    0.211    0.229    0.296    0.314    0.285    0.220	0.162	 0.146  4.794  4.447  4.077  3.751  0.347  0.370  0.696
1.30 -0.7052  0.7079   4.972  4.885  4.522  4.215  3.792  3.071  2.421  2.248  0.449  0.363  0.307  0.731  1.452  2.101  2.275    0.235    0.251    0.319    0.335    0.302    0.233	0.172	 0.154  4.904  4.537  4.155  3.825  0.367  0.382  0.712
1.30 -0.7052  0.7943   5.093  4.995  4.609  4.291  3.861  3.136  2.488  2.315  0.484  0.386  0.319  0.749  1.473  2.121  2.295    0.261    0.276    0.343    0.357    0.320    0.245	0.181	 0.163  5.014  4.625  4.228  3.894  0.389  0.397  0.730
1.30 -0.7052  0.8913   5.223  5.111  4.698  4.365  3.926  3.196  2.548  2.375  0.525  0.413  0.333  0.772  1.502  2.150  2.322    0.292    0.305    0.369    0.379    0.337    0.257	0.190	 0.171  5.132  4.714  4.300  3.960  0.417  0.415  0.754
1.30 -0.7052  1.0000   5.352  5.233  4.794  4.449  4.004  3.272  2.625  2.454  0.559  0.439  0.345  0.790  1.522  2.168  2.340    0.327    0.339    0.401    0.407    0.359    0.274	0.203	 0.182  5.255  4.811  4.382  4.039  0.444  0.429  0.772
1.30 -0.7052  1.1220   5.471  5.351  4.884  4.528  4.079  3.346  2.704  2.534  0.587  0.467  0.356  0.805  1.538  2.180  2.350    0.362    0.375    0.432    0.434    0.382    0.291	0.216	 0.195  5.374  4.902  4.459  4.114  0.472  0.443  0.788
1.30 -0.7052  1.2589   5.580  5.445  4.929  4.550  4.089  3.357  2.719  2.553  0.650  0.516  0.379  0.840  1.572  2.211  2.376    0.397    0.406    0.447    0.440    0.383    0.292	0.217	 0.197  5.473  4.949  4.477  4.125  0.524  0.472  0.824
1.30 -0.7052  1.4125   5.647  5.488  4.911  4.504  4.033  3.305  2.675  2.517  0.736  0.577  0.407  0.878  1.606  2.236  2.394    0.419    0.419    0.436    0.418    0.361    0.276	0.207	 0.189  5.520  4.932  4.426  4.070  0.589  0.506  0.862
1.30 -0.7052  1.5849   5.925  5.758  5.168  4.740  4.237  3.472  2.808  2.637  0.757  0.591  0.428  0.931  1.695  2.359  2.531    0.533    0.529    0.544    0.512    0.429    0.317	0.231	 0.208  5.792  5.189  4.660  4.275  0.603  0.529  0.914
1.30 -0.7052  1.7783   6.075  5.918  5.315  4.886  4.393  3.649  3.000  2.834  0.760  0.603  0.429  0.922  1.666  2.315  2.482    0.607    0.608    0.618    0.581    0.491    0.370	0.273	 0.247  5.952  5.337  4.806  4.431  0.615  0.531  0.906
1.30 -0.7052  1.9953   6.221  6.058  5.427  4.986  4.493  3.756  3.116  2.954  0.794  0.631  0.441  0.934  1.670  2.311  2.473    0.689    0.687    0.680    0.632    0.534    0.406	0.302	 0.274  6.095  5.449  4.903  4.531  0.646  0.546  0.918
1.30 -0.7052  2.2387   6.346  6.182  5.520  5.065  4.568  3.830  3.191  3.032  0.827  0.663  0.454  0.952  1.690  2.328  2.488    0.768    0.765    0.736    0.675    0.569    0.431	0.321	 0.292  6.222  5.543  4.981  4.606  0.680  0.562  0.936
1.30 -0.7052  2.5119   6.477  6.306  5.624  5.162  4.662  3.921  3.284  3.125  0.854  0.682  0.462  0.962  1.703  2.340  2.499    0.861    0.851    0.805    0.733    0.616    0.466	0.347	 0.316  6.348  5.647  5.077  4.701  0.701  0.571  0.947
1.30 -0.7052  2.8184   6.601  6.423  5.726  5.260  4.761  4.025  3.394  3.238  0.875  0.697  0.466  0.965  1.700  2.332  2.488    0.958    0.941    0.878    0.797    0.670    0.509	0.382	 0.349  6.466  5.749  5.174  4.800  0.717  0.576  0.949
1.30 -0.7052  3.1623   6.710  6.529  5.825  5.356  4.858  4.124  3.495  3.340  0.885  0.705  0.468  0.966  1.701  2.329  2.485    1.053    1.032    0.955    0.865    0.728    0.554	0.417	 0.381  6.573  5.848  5.270  4.897  0.725  0.579  0.951
1.30 -0.7052  3.5481   6.816  6.631  5.920  5.449  4.952  4.220  3.595  3.441  0.897  0.711  0.471  0.968  1.699  2.325  2.479    1.154    1.126    1.036    0.936    0.789    0.602	0.454	 0.415  6.676  5.944  5.362  4.991  0.732  0.582  0.953
1.30 -0.7052  3.9811   6.930  6.739  6.015  5.539  5.040  4.308  3.683  3.531  0.914  0.723  0.476  0.975  1.707  2.332  2.485    1.272    1.235    1.124    1.011    0.850    0.648	0.489	 0.448  6.785  6.040  5.452  5.080  0.745  0.588  0.960
1.30 -0.7052  4.4668   7.063  6.869  6.139  5.659  5.160  4.431  3.808  3.657  0.924  0.731  0.480  0.979  1.708  2.331  2.482    1.427    1.383    1.250    1.121    0.942    0.720	0.544	 0.500  6.916  6.163  5.571  5.200  0.753  0.592  0.963
1.30 -0.7052  5.0119   7.180  6.979  6.235  5.749  5.247  4.515  3.892  3.741  0.946  0.744  0.486  0.988  1.719  2.343  2.493    1.584    1.522    1.360    1.212    1.016    0.775	0.585	 0.538  7.027  6.259  5.660  5.287  0.768  0.599  0.972
1.30 -0.7052  5.6234   7.320  7.119  6.371  5.885  5.386  4.661  4.043  3.895  0.949  0.748  0.486  0.985  1.710  2.328  2.476    1.791    1.722    1.533    1.366    1.149    0.881	0.669	 0.616  7.168  6.396  5.797  5.427  0.772  0.600  0.970
1.30 -0.7052  6.3096   7.438  7.228  6.467  5.975  5.472  4.744  4.125  3.978  0.971  0.761  0.492  0.995  1.723  2.342  2.489    1.986    1.894    1.665    1.475    1.236    0.946	0.718	 0.661  7.279  6.492  5.885  5.513  0.786  0.607  0.980
1.30 -0.7052  7.0795   7.554  7.336  6.564  6.066  5.561  4.832  4.213  4.067  0.990  0.772  0.498  1.003  1.732  2.351  2.497    2.198    2.082    1.811    1.596    1.335    1.020	0.774	 0.714  7.388  6.589  5.976  5.602  0.799  0.613  0.987
1.30 -0.7052  7.9433   7.680  7.454  6.671  6.168  5.660  4.931  4.311  4.166  1.009  0.784  0.503  1.011  1.740  2.360  2.505    2.455    2.309    1.988    1.744    1.455    1.111	0.843	 0.778  7.508  6.697  6.078  5.702  0.811  0.619  0.995
1.30 -0.7052  8.9125   7.797  7.561  6.766  6.258  5.748  5.017  4.398  4.254  1.030  0.795  0.508  1.019  1.749  2.368  2.512    2.719    2.535    2.160    1.886    1.569    1.198	0.909	 0.839  7.616  6.792  6.168  5.790  0.824  0.625  1.002
1.30 -0.7052 10.0000   7.909  7.665  6.860  6.347  5.835  5.104  4.486  4.343  1.050  0.805  0.513  1.025  1.756  2.374  2.517    3.002    2.775    2.342    2.037    1.692    1.291	0.980	 0.906  7.721  6.886  6.256  5.878  0.835  0.630  1.009
1.30 -0.7052 11.2202   8.021  7.765  6.949  6.432  5.917  5.187  4.569  4.427  1.071  0.816  0.517  1.032  1.763  2.381  2.522    3.310    3.029    2.531    2.192    1.817    1.386	1.053	 0.975  7.823  6.976  6.341  5.961  0.847  0.635  1.015
1.30 -0.7052 12.5893   8.135  7.865  7.036  6.513  5.994  5.261  4.642  4.501  1.098  0.829  0.523  1.042  1.775  2.395  2.535    3.661    3.306    2.730    2.351    1.942    1.478	1.121	 1.039  7.924  7.063  6.421  6.038  0.861  0.642  1.025
1.30 -0.7052 14.1254   8.241  7.959  7.121  6.594  6.073  5.340  4.722  4.583  1.120  0.838  0.527  1.048  1.781  2.399  2.538    4.019    3.589    2.938    2.521    2.079    1.583	1.201	 1.115  8.020  7.148  6.501  6.118  0.872  0.647  1.030
1.30 -0.7052 15.8489   8.344  8.055  7.211  6.682  6.163  5.434  4.819  4.683  1.133  0.843  0.529  1.048  1.777  2.392  2.528    4.395    3.898    3.176    2.721    2.246    1.716	1.307	 1.216  8.116  7.239  6.590  6.208  0.877  0.649  1.031
1.30 -0.7052 17.7828   8.440  8.148  7.304  6.775  6.257  5.534  4.924  4.791  1.135  0.844  0.530  1.047  1.770  2.380  2.514    4.741    4.197    3.418    2.926    2.420    1.859	1.422	 1.326  8.210  7.332  6.683  6.303  0.878  0.649  1.029
1.30 -0.3960  0.0631   2.619  3.015  2.953  2.821  2.644  2.281  1.857  1.757 -0.334  0.062  0.132  0.309  0.672  1.096  1.196    0.031    0.052    0.087    0.107    0.121    0.130	0.118	 0.113  3.024  2.954  2.791  2.658  0.070  0.163  0.296
1.30 -0.3960  0.0708   2.715  3.091  3.021  2.888  2.712  2.357  1.945  1.849 -0.306  0.070  0.133  0.309  0.664  1.076  1.172    0.034    0.055    0.092    0.113    0.128    0.138	0.127	 0.122  3.100  3.023  2.858  2.726  0.077  0.165  0.296
1.30 -0.3960  0.0794   2.817  3.179  3.104  2.974  2.803  2.465  2.074  1.983 -0.287  0.074  0.130  0.301  0.639  1.030  1.121    0.037    0.060    0.098    0.122    0.139    0.152	0.142	 0.138  3.187  3.107  2.945  2.818  0.081  0.162  0.289
1.30 -0.3960  0.0891   2.908  3.253  3.171  3.038  2.865  2.530  2.146  2.057 -0.263  0.083  0.133  0.305  0.641  1.025  1.114    0.040    0.063    0.104    0.128    0.146    0.160	0.151	 0.147  3.262  3.174  3.008  2.880  0.088  0.165  0.294
1.30 -0.3960  0.1000   3.000  3.330  3.239  3.103  2.927  2.591  2.210  2.122 -0.239  0.091  0.135  0.312  0.647  1.028  1.116    0.043    0.068    0.110    0.136    0.153    0.168	0.159	 0.155  3.338  3.242  3.073  2.942  0.096  0.169  0.300
1.30 -0.3960  0.1122   3.093  3.404  3.309  3.175  2.998  2.664  2.286  2.198 -0.216  0.095  0.134  0.311  0.646  1.024  1.112    0.047    0.072    0.117    0.144    0.163    0.179	0.169	 0.165  3.412  3.313  3.145  3.013  0.099  0.168  0.300
1.30 -0.3960  0.1259   3.207  3.479  3.325  3.105  2.647  1.748  0.997  0.753 -0.118  0.154  0.219  0.678  1.577  2.328  2.572    0.052    0.077    0.118    0.134    0.117    0.077	0.051	 0.043  3.491  3.331  3.063  2.675  0.159  0.269  0.656
1.30 -0.3960  0.1413   3.310  3.561  3.404  3.191  2.756  1.875  1.139  0.896 -0.094  0.157  0.213  0.648  1.529  2.265  2.508    0.056    0.082    0.126    0.144    0.129    0.086	0.058	 0.049  3.573  3.410  3.149  2.784  0.162  0.261  0.627
1.30 -0.3960  0.1585   3.418  3.649  3.487  3.280  2.873  2.024  1.309  1.069 -0.069  0.162  0.208  0.614  1.463  2.178  2.418    0.062    0.088    0.135    0.155    0.142    0.097	0.068	 0.057  3.660  3.494  3.238  2.900  0.166  0.256  0.594
1.30 -0.3960  0.1778   3.532  3.739  3.569  3.362  2.971  2.141  1.441  1.205 -0.037  0.170  0.207  0.597  1.428  2.127  2.364    0.068    0.096    0.145    0.167    0.155    0.108	0.076	 0.064  3.750  3.576  3.320  2.997  0.175  0.256  0.578
1.30 -0.3960  0.1995   3.657  3.843  3.666  3.460  3.092  2.296  1.620  1.391 -0.009  0.177  0.205  0.574  1.369  2.046  2.275    0.076    0.104    0.157    0.181    0.172    0.124	0.089	 0.076  3.855  3.673  3.418  3.117  0.182  0.255  0.556
1.30 -0.3960  0.2239   3.778  3.936  3.750  3.542  3.180  2.397  1.730  1.505  0.028  0.186  0.208  0.570  1.353  2.020  2.245    0.084    0.113    0.169    0.194    0.185    0.135	0.098	 0.084  3.948  3.758  3.499  3.205  0.191  0.259  0.553
1.30 -0.3960  0.2512   3.915  4.040  3.846  3.638  3.283  2.514  1.857  1.634  0.069  0.193  0.209  0.564  1.333  1.990  2.212    0.095    0.124    0.183    0.211    0.203    0.149	0.109	 0.094  4.052  3.854  3.595  3.307  0.197  0.260  0.547
1.30 -0.3960  0.2818   4.055  4.147  3.947  3.739  3.398  2.660  2.022  1.808  0.108  0.200  0.208  0.549  1.287  1.925  2.139    0.108    0.136    0.200    0.230    0.224    0.170	0.126	 0.110  4.159  3.955  3.696  3.422  0.204  0.259  0.533
1.30 -0.3960  0.3162   4.196  4.248  4.031  3.816  3.465  2.721  2.081  1.869  0.164  0.217  0.215  0.566  1.310  1.951  2.162    0.122    0.148    0.215    0.245    0.237    0.178	0.133	 0.115  4.260  4.040  3.771  3.490  0.221  0.269  0.550
1.30 -0.3960  0.3548   4.337  4.348  4.118  3.896  3.536  2.787  2.143  1.932  0.219  0.231  0.221  0.582  1.331  1.975  2.186    0.138    0.161    0.231    0.263    0.251    0.188	0.139	 0.121  4.361  4.127  3.850  3.562  0.234  0.276  0.565
1.30 -0.3960  0.3981   4.479  4.453  4.205  3.977  3.607  2.853  2.206  1.997  0.274  0.248  0.228  0.598  1.352  1.999  2.208    0.156    0.177    0.249    0.281    0.266    0.199	0.147	 0.128  4.466  4.215  3.930  3.633  0.251  0.285  0.581
1.30 -0.3960  0.4467   4.613  4.557  4.288  4.051  3.676  2.928  2.287  2.081  0.325  0.268  0.237  0.612  1.360  2.002  2.207    0.176    0.193    0.267    0.299    0.282    0.212	0.157	 0.137  4.570  4.299  4.003  3.704  0.271  0.296  0.595
1.30 -0.3960  0.5012   4.749  4.668  4.377  4.127  3.741  2.989  2.348  2.143  0.372  0.292  0.249  0.635  1.387  2.029  2.234    0.198    0.213    0.288    0.319    0.298    0.223	0.165	 0.145  4.683  4.388  4.076  3.769  0.295  0.312  0.619
1.30 -0.3960  0.5623   4.876  4.781  4.468  4.207  3.811  3.054  2.411  2.206  0.408  0.313  0.261  0.656  1.414  2.057  2.261    0.221    0.234    0.311    0.341    0.316    0.235	0.174	 0.152  4.796  4.480  4.154  3.840  0.315  0.326  0.640
1.30 -0.3960  0.6310   5.008  4.898  4.558  4.281  3.874  3.111  2.467  2.263  0.450  0.341  0.277  0.684  1.447  2.090  2.294    0.248    0.259    0.336    0.363    0.332    0.246	0.182	 0.159  4.914  4.571  4.225  3.903  0.343  0.346  0.668
1.30 -0.3960  0.7079   5.134  5.012  4.638  4.342  3.918  3.140  2.490  2.285  0.496  0.374  0.296  0.719  1.498  2.147  2.353    0.276    0.286    0.359    0.381    0.344    0.251	0.185	 0.162  5.030  4.653  4.283  3.949  0.377  0.370  0.703
1.30 -0.3960  0.7943   5.268  5.143  4.739  4.429  3.999  3.213  2.564  2.359  0.529  0.405  0.309  0.739  1.525  2.174  2.379    0.311    0.321    0.391    0.410    0.368    0.267	0.197	 0.172  5.162  4.754  4.368  4.031  0.408  0.387  0.724
1.30 -0.3960  0.8913   5.406  5.280  4.840  4.514  4.072  3.283  2.635  2.431  0.566  0.440  0.326  0.768  1.557  2.205  2.409    0.350    0.361    0.427    0.441    0.391    0.283	0.209	 0.182  5.301  4.857  4.449  4.104  0.444  0.408  0.753
1.30 -0.3960  1.0000   5.531  5.402  4.931  4.589  4.139  3.350  2.703  2.500  0.600  0.472  0.342  0.792  1.581  2.228  2.430    0.390    0.401    0.460    0.469    0.412    0.298	0.220	 0.193  5.426  4.949  4.521  4.172  0.477  0.428  0.777
1.30 -0.3960  1.1220   5.665  5.533  5.022  4.659  4.198  3.410  2.764  2.564  0.643  0.511  0.363  0.824  1.612  2.258  2.457    0.438    0.449    0.497    0.497    0.432    0.313	0.232	 0.203  5.559  5.041  4.588  4.232  0.517  0.453  0.810
1.30 -0.3960  1.2589   5.770  5.600  5.008  4.599  4.109  3.307  2.653  2.460  0.762  0.592  0.409  0.899  1.701  2.355  2.548    0.479    0.475    0.488    0.466    0.396    0.283	0.208	 0.183  5.633  5.029  4.521  4.145  0.604  0.508  0.884
1.30 -0.3960  1.4125   6.009  5.844  5.233  4.805  4.291  3.446  2.766  2.560  0.775  0.611  0.428  0.942  1.788  2.468  2.673    0.589    0.585    0.591    0.556    0.461    0.316	0.227	 0.198  5.879  5.255  4.725  4.327  0.624  0.530  0.927
1.30 -0.3960  1.5849   6.172  6.011  5.378  4.940  4.432  3.603  2.933  2.733  0.794  0.632  0.438  0.946  1.775  2.446  2.645    0.678    0.677    0.670    0.624    0.520    0.362	0.262	 0.230  6.048  5.400  4.858  4.469  0.648  0.542  0.931
1.30 -0.3960  1.7783   6.342  6.164  5.505  5.055  4.541  3.711  3.040  2.843  0.836  0.659  0.450  0.965  1.795  2.465  2.662    0.787    0.773    0.747    0.688    0.571    0.397	0.287	 0.253  6.203  5.528  4.971  4.578  0.676  0.557  0.949
1.30 -0.3960  1.9953   6.500  6.305  5.620  5.158  4.642  3.822  3.157  2.966  0.881  0.686  0.461  0.977  1.798  2.462  2.654    0.905    0.875    0.824    0.752    0.622    0.437	0.318	 0.281  6.348  5.642  5.073  4.680  0.705  0.570  0.962
1.30 -0.3960  2.2387   6.654  6.441  5.727  5.254  4.733  3.916  3.253  3.065  0.927  0.713  0.473  0.994  1.812  2.474  2.662    1.035    0.985    0.904    0.816    0.672    0.473	0.345	 0.306  6.486  5.751  5.167  4.772  0.735  0.584  0.979
1.30 -0.3960  2.5119   6.804  6.567  5.827  5.343  4.818  4.000  3.340  3.154  0.977  0.740  0.484  1.008  1.826  2.487  2.673    1.180    1.099    0.984    0.879    0.722    0.508	0.371	 0.330  6.615  5.850  5.254  4.857  0.765  0.596  0.993
1.30 -0.3960  2.8184   6.943  6.692  5.933  5.441  4.906  4.080  3.414  3.227  1.010  0.758  0.493  1.027  1.853  2.519  2.706    1.333    1.225    1.079    0.956    0.778    0.544	0.395	 0.351  6.742  5.957  5.351  4.946  0.785  0.607  1.012
1.30 -0.3960  3.1623   7.085  6.821  6.050  5.555  5.028  4.220  3.566  3.384  1.035  0.771  0.495  1.021  1.830  2.484  2.666    1.510    1.371    1.194    1.055    0.865    0.614	0.451	 0.403  6.873  6.074  5.465  5.068  0.799  0.610  1.006
1.30 -0.3960  3.5481   7.191  6.918  6.135  5.636  5.108  4.303  3.651  3.471  1.055  0.782  0.499  1.027  1.833  2.485  2.664    1.655    1.489    1.284    1.130    0.925    0.659	0.485	 0.434  6.971  6.160  5.545  5.148  0.811  0.614  1.012
1.30 -0.3960  3.9811   7.300  7.018  6.227  5.722  5.190  4.385  3.732  3.555  1.074  0.792  0.504  1.036  1.841  2.494  2.672    1.820    1.624    1.388    1.217    0.992    0.707	0.520	 0.466  7.072  6.251  5.631  5.231  0.821  0.620  1.021
1.30 -0.3960  4.4668   7.420  7.128  6.325  5.816  5.279  4.473  3.819  3.642  1.095  0.803  0.510  1.046  1.852  2.506  2.683    2.020    1.787    1.512    1.318    1.071    0.763	0.560	 0.502  7.184  6.350  5.724  5.320  0.834  0.627  1.030
1.30 -0.3960  5.0119   7.559  7.262  6.452  5.939  5.401  4.599  3.946  3.772  1.107  0.810  0.513  1.051  1.853  2.505  2.680    2.283    2.010    1.689    1.468    1.191    0.851	0.626	 0.562  7.318  6.477  5.847  5.442  0.842  0.630  1.035
1.30 -0.3960  5.6234   7.687  7.375  6.551  6.032  5.489  4.685  4.031  3.856  1.136  0.824  0.519  1.062  1.867  2.520  2.695    2.554    2.218    1.840    1.591    1.285    0.916	0.673	 0.604  7.433  6.576  5.939  5.531  0.857  0.637  1.046
1.30 -0.3960  6.3096   7.836  7.513  6.679  6.155  5.608  4.807  4.154  3.982  1.156  0.834  0.524  1.071  1.872  2.525  2.697    2.913    2.505    2.060    1.772    1.427    1.020	0.750	 0.675  7.573  6.705  6.061  5.651  0.868  0.643  1.054
1.30 -0.3960  7.0795   7.973  7.644  6.805  6.280  5.733  4.934  4.284  4.113  1.167  0.838  0.526  1.072  1.871  2.521  2.692    3.289    2.812    2.302    1.978    1.593    1.141	0.841	 0.758  7.704  6.831  6.186  5.776  0.873  0.645  1.055
1.30 -0.3960  7.9433   8.099  7.755  6.906  6.374  5.824  5.024  4.373  4.203  1.194  0.850  0.532  1.082  1.882  2.533  2.702    3.678    3.102    2.513    2.148    1.723    1.233	0.909	 0.820  7.817  6.932  6.280  5.867  0.885  0.652  1.065
1.30 -0.3960  8.9125   8.214  7.854  6.994  6.457  5.903  5.102  4.451  4.283  1.220  0.860  0.536  1.090  1.891  2.542  2.711    4.069    3.381    2.712    2.307    1.845    1.320	0.972	 0.878  7.917  7.020  6.363  5.947  0.897  0.657  1.073
1.30 -0.3960 10.0000   8.329  7.950  7.077  6.533  5.973  5.168  4.514  4.345  1.253  0.874  0.543  1.104  1.909  2.563  2.732    4.504    3.678    2.915    2.464    1.958    1.395	1.025	 0.925  8.016  7.103  6.438  6.017  0.912  0.665  1.086
1.30 -0.3960 11.2202   8.429  8.037  7.155  6.607  6.043  5.234  4.579  4.409  1.274  0.882  0.547  1.112  1.921  2.576  2.745    4.915    3.964    3.118    2.626    2.080    1.476	1.083	 0.977  8.103  7.182  6.512  6.088  0.922  0.669  1.094
1.30 -0.3960 12.5893   8.544  8.139  7.248  6.696  6.128  5.314  4.657  4.486  1.296  0.890  0.552  1.120  1.934  2.592  2.762    5.441    4.335    3.384    2.838    2.239    1.582	1.158	 1.044  8.206  7.275  6.601  6.173  0.931  0.674  1.102
1.30 -0.3960 14.1254   8.677  8.251  7.348  6.789  6.213  5.388  4.726  4.553  1.329  0.903  0.559  1.135  1.960  2.622  2.795    6.122    4.788    3.693    3.077    2.410    1.687	1.229	 1.106  8.321  7.375  6.693  6.259  0.945  0.682  1.117
1.30 -0.3960 15.8489   8.822  8.382  7.469  6.903  6.322  5.499  4.836  4.666  1.354  0.913  0.565  1.146  1.970  2.632  2.803    6.974    5.380    4.110    3.406    2.655    1.861	1.356	 1.222  8.453  7.496  6.807  6.369  0.957  0.689  1.127
1.30 -0.3960 17.7828   8.911  8.459  7.536  6.967  6.381  5.558  4.895  4.726  1.375  0.923  0.570  1.155  1.978  2.641  2.811    7.531    5.748    4.354    3.592    2.790    1.955	1.424	 1.285  8.532  7.565  6.870  6.429  0.967  0.694  1.136
1.30  0.0000  0.0631   2.747  3.128  3.030  2.872  2.655  2.224  1.757  1.633 -0.283  0.097  0.158  0.376  0.807  1.274  1.397    0.035    0.057    0.093    0.112    0.122    0.123	0.107	 0.101  3.138  3.033  2.838  2.673  0.105  0.196  0.360
1.30  0.0000  0.0708   2.861  3.220  3.111  2.948  2.725  2.288  1.824  1.702 -0.251  0.109  0.164  0.386  0.823  1.288  1.409    0.039    0.062    0.100    0.120    0.130    0.130	0.114	 0.107  3.232  3.115  2.912  2.744  0.117  0.203  0.371
1.30  0.0000  0.0794   2.972  3.315  3.207  3.047  2.827  2.392  1.934  1.814 -0.236  0.108  0.161  0.381  0.815  1.274  1.393    0.043    0.068    0.108    0.130    0.142    0.142	0.125	 0.118  3.326  3.211  3.011  2.845  0.116  0.199  0.366
1.30  0.0000  0.0891   3.069  3.387  3.273  3.111  2.890  2.455  2.002  1.885 -0.204  0.114  0.162  0.383  0.817  1.270  1.388    0.046    0.072    0.114    0.137    0.149    0.150	0.132	 0.125  3.398  3.276  3.076  2.908  0.122  0.201  0.368
1.30  0.0000  0.1000   3.176  3.466  3.344  3.180  2.957  2.519  2.068  1.951 -0.169  0.121  0.164  0.388  0.826  1.277  1.393    0.051    0.077    0.122    0.146    0.158    0.158	0.140	 0.132  3.477  3.348  3.144  2.975  0.129  0.204  0.373
1.30  0.0000  0.1122   3.281  3.544  3.419  3.252  3.028  2.586  2.134  2.018 -0.138  0.126  0.166  0.390  0.833  1.284  1.401    0.056    0.082    0.129    0.155    0.168    0.167	0.148	 0.140  3.555  3.422  3.216  3.047  0.133  0.206  0.375
1.30  0.0000  0.1259   3.387  3.625  3.494  3.314  2.986  2.042  1.334  1.072 -0.108  0.131  0.181  0.509  1.452  2.161  2.422    0.061    0.088    0.138    0.163    0.160    0.101	0.070	 0.058  3.637  3.498  3.276  3.004  0.138  0.223  0.495
1.30  0.0000  0.1413   3.495  3.706  3.573  3.395  3.079  2.164  1.467  1.208 -0.078  0.132  0.178  0.494  1.410  2.107  2.365    0.067    0.094    0.148    0.175    0.174    0.112	0.079	 0.066  3.717  3.578  3.358  3.097  0.139  0.220  0.480
1.30  0.0000  0.1585   3.612  3.796  3.664  3.491  3.190  2.319  1.639  1.387 -0.053  0.132  0.174  0.475  1.345  2.026  2.278    0.074    0.102    0.160    0.190    0.191    0.128	0.092	 0.077  3.807  3.669  3.454  3.207  0.138  0.215  0.462
1.30  0.0000  0.1778   3.739  3.887  3.749  3.576  3.287  2.453  1.791  1.545 -0.009  0.138  0.173  0.462  1.295  1.957  2.203    0.083    0.110    0.171    0.204    0.208    0.144	0.105	 0.089  3.897  3.753  3.539  3.304  0.144  0.214  0.449
1.30  0.0000  0.1995   3.859  3.973  3.828  3.657  3.382  2.598  1.960  1.724  0.032  0.146  0.171  0.446  1.230  1.867  2.104    0.092    0.118    0.183    0.218    0.226    0.164	0.122	 0.104  3.984  3.833  3.620  3.399  0.151  0.213  0.434
1.30  0.0000  0.2239   4.004  4.079  3.919  3.747  3.479  2.740  2.127  1.902  0.084  0.159  0.173  0.440  1.179  1.793  2.017    0.104    0.130    0.198    0.236    0.245    0.186	0.142	 0.122  4.089  3.925  3.709  3.497  0.164  0.216  0.428
1.30  0.0000  0.2512   4.154  4.182  4.006  3.829  3.556  2.805  2.189  1.964  0.147  0.175  0.177  0.451  1.202  1.817  2.042    0.119    0.142    0.213    0.253    0.262    0.196	0.149	 0.128  4.192  4.012  3.791  3.574  0.180  0.222  0.439
1.30  0.0000  0.2818   4.297  4.281  4.092  3.913  3.635  2.873  2.255  2.028  0.204  0.189  0.180  0.457  1.220  1.838  2.065    0.135    0.154    0.230    0.271    0.280    0.207	0.157	 0.135  4.291  4.099  3.874  3.654  0.193  0.225  0.445
1.30  0.0000  0.3162   4.438  4.385  4.178  3.993  3.712  2.953  2.342  2.117  0.260  0.207  0.185  0.466  1.225  1.836  2.061    0.153    0.169    0.247    0.291    0.299    0.222	0.170	 0.146  4.396  4.185  3.953  3.731  0.210  0.232  0.454
1.30  0.0000  0.3548   4.569  4.488  4.257  4.061  3.770  3.003  2.393  2.169  0.312  0.231  0.197  0.488  1.254  1.864  2.088    0.172    0.185    0.265    0.308    0.314    0.231	0.177	 0.152  4.499  4.266  4.019  3.789  0.233  0.247  0.476
1.30  0.0000  0.3981   4.699  4.602  4.348  4.139  3.836  3.062  2.452  2.229  0.351  0.255  0.209  0.512  1.286  1.896  2.119    0.193    0.204    0.286    0.329    0.332    0.243	0.186	 0.160  4.614  4.358  4.094  3.857  0.257  0.264  0.501
1.30  0.0000  0.4467   4.831  4.720  4.436  4.211  3.895  3.114  2.504  2.282  0.395  0.283  0.225  0.541  1.322  1.932  2.154    0.216    0.226    0.308    0.349    0.348    0.254	0.194	 0.167  4.732  4.448  4.163  3.917  0.285  0.285  0.530
1.30  0.0000  0.5012   4.971  4.846  4.529  4.285  3.956  3.163  2.550  2.329  0.442  0.317  0.244  0.573  1.366  1.979  2.199    0.245    0.252    0.334    0.372    0.366    0.263	0.201	 0.173  4.860  4.541  4.234  3.979  0.319  0.307  0.562
1.30  0.0000  0.5623   5.112  4.986  4.632  4.371  4.031  3.224  2.609  2.390  0.480  0.354  0.261  0.601  1.408  2.023  2.242    0.277    0.285    0.365    0.400    0.390    0.277	0.211	 0.182  5.002  4.645  4.316  4.055  0.356  0.329  0.590
1.30  0.0000  0.6310   5.258  5.131  4.742  4.463  4.106  3.293  2.675  2.455  0.516  0.389  0.278  0.636  1.449  2.067  2.287    0.315    0.324    0.401    0.433    0.415    0.293	0.223	 0.192  5.148  4.757  4.406  4.131  0.392  0.351  0.625
1.30  0.0000  0.7079   5.403  5.279  4.849  4.549  4.177  3.356  2.735  2.516  0.554  0.430  0.300  0.672  1.493  2.114  2.334    0.358    0.369    0.440    0.466    0.440    0.309	0.234	 0.202  5.299  4.866  4.488  4.204  0.433  0.378  0.662
1.30  0.0000  0.7943   5.555  5.425  4.952  4.630  4.241  3.412  2.788  2.569  0.603  0.473  0.322  0.712  1.540  2.164  2.383    0.409    0.420    0.481    0.499    0.464    0.324	0.244	 0.211  5.448  4.970  4.564  4.269  0.478  0.406  0.701
1.30  0.0000  0.8913   5.707  5.570  5.058  4.715  4.310  3.468  2.838  2.618  0.649  0.512  0.343  0.748  1.590  2.220  2.440    0.467    0.477    0.527    0.536    0.491    0.338	0.254	 0.219  5.595  5.077  4.646  4.339  0.519  0.431  0.738
1.30  0.0000  1.0000   5.855  5.719  5.166  4.803  4.385  3.537  2.904  2.685  0.689  0.552  0.363  0.781  1.630  2.262  2.481    0.532    0.544    0.579    0.578    0.524    0.358	0.269	 0.232  5.747  5.186  4.731  4.416  0.561  0.455  0.771
1.30  0.0000  1.1220   6.012  5.854  5.263  4.881  4.451  3.597  2.963  2.746  0.750  0.592  0.382  0.811  1.666  2.299  2.516    0.611    0.612    0.629    0.617    0.553    0.377	0.282	 0.243  5.886  5.283  4.805  4.482  0.603  0.478  0.801
1.30  0.0000  1.2589   6.171  5.967  5.316  4.900  4.444  3.576  2.933  2.720  0.855  0.652  0.416  0.872  1.740  2.383  2.596    0.703    0.675    0.656    0.624    0.546    0.367	0.272	 0.236  6.006  5.337  4.820  4.476  0.668  0.517  0.861
1.30  0.0000  1.4125   6.319  6.067  5.355  4.906  4.424  3.549  2.898  2.690  0.965  0.712  0.449  0.931  1.806  2.457  2.665    0.801    0.735    0.676    0.624    0.533    0.356	0.262	 0.228  6.112  5.377  4.821  4.458  0.735  0.556  0.919
1.30  0.0000  1.5849   6.540  6.303  5.585  5.124  4.614  3.688  3.006  2.784  0.954  0.718  0.462  0.972  1.897  2.580  2.802    0.969    0.902    0.825    0.752    0.626    0.399	0.286	 0.246  6.349  5.608  5.037  4.649  0.741  0.571  0.959
1.30  0.0000  1.7783   6.719  6.466  5.727  5.253  4.731  3.818  3.135  2.917  0.992  0.739  0.474  0.995  1.909  2.592  2.810    1.133    1.039    0.932    0.841    0.692    0.446	0.319	 0.275  6.513  5.750  5.165  4.768  0.764  0.584  0.982
1.30  0.0000  1.9953   6.897  6.624  5.866  5.383  4.856  3.967  3.292  3.082  1.031  0.758  0.483  1.010  1.899  2.574  2.784    1.327    1.194    1.053    0.941    0.771    0.508	0.366	 0.318  6.674  5.889  5.294  4.894  0.785  0.595  0.995
1.30  0.0000  2.2387   7.065  6.765  5.981  5.486  4.949  4.066  3.391  3.186  1.084  0.783  0.495  1.032  1.915  2.590  2.796    1.538    1.351    1.163    1.028    0.835    0.553	0.399	 0.348  6.818  6.005  5.396  4.987  0.813  0.609  1.018
1.30  0.0000  2.5119   7.229  6.901  6.095  5.590  5.047  4.166  3.493  3.290  1.134  0.806  0.504  1.047  1.929  2.602  2.805    1.778    1.522    1.283    1.124    0.908    0.603	0.435	 0.381  6.957  6.118  5.498  5.086  0.838  0.620  1.033
1.30  0.0000  2.8184   7.399  7.043  6.215  5.699  5.144  4.251  3.572  3.368  1.185  0.828  0.516  1.071  1.964  2.643  2.847    2.067    1.724    1.424    1.235    0.986    0.648	0.465	 0.406  7.102  6.239  5.606  5.183  0.863  0.633  1.056
1.30  0.0000  3.1623   7.574  7.183  6.330  5.802  5.235  4.332  3.649  3.445  1.244  0.853  0.528  1.095  1.997  2.681  2.885    2.412    1.949    1.574    1.350    1.066    0.694	0.496	 0.434  7.245  6.354  5.708  5.275  0.891  0.647  1.080
1.30  0.0000  3.5481   7.725  7.306  6.436  5.900  5.325  4.412  3.724  3.519  1.289  0.870  0.535  1.111  2.024  2.712  2.917    2.757    2.171    1.725    1.469    1.151    0.743	0.529	 0.462  7.371  6.461  5.805  5.365  0.910  0.656  1.096
1.30  0.0000  3.9811   7.876  7.433  6.549  6.007  5.429  4.523  3.839  3.637  1.327  0.885  0.542  1.120  2.026  2.710  2.912    3.152    2.427    1.904    1.612    1.260    0.818	0.585	 0.512  7.500  6.574  5.911  5.470  0.926  0.663  1.104
1.30  0.0000  4.4668   7.940  7.505  6.624  6.084  5.505  4.601  3.917  3.716  1.315  0.880  0.541  1.119  2.023  2.707  2.908    3.322    2.576    2.028    1.719    1.344    0.874	0.625	 0.547  7.571  6.649  5.987  5.546  0.921  0.662  1.103
1.30  0.0000  5.0119   8.070  7.613  6.718  6.170  5.585  4.671  3.984  3.781  1.352  0.894  0.548  1.133  2.047  2.735  2.937    3.724    2.828    2.199    1.851    1.438    0.927	0.660	 0.578  7.681  6.743  6.074  5.627  0.937  0.670  1.117
1.30  0.0000  5.6234   8.218  7.737  6.828  6.273  5.681  4.760  4.070  3.866  1.391  0.909  0.555  1.146  2.068  2.758  2.961    4.245    3.154    2.419    2.023    1.562    1.000	0.711	 0.622  7.807  6.853  6.175  5.723  0.954  0.678  1.130
1.30  0.0000  6.3096   8.371  7.891  6.985  6.432  5.846  4.941  4.260  4.061  1.387  0.906  0.553  1.138  2.044  2.725  2.924    4.863    3.618    2.781    2.330    1.810    1.176	0.842	 0.740  7.961  7.010  6.335  5.888  0.951  0.676  1.122
1.30  0.0000  7.0795   8.497  7.999  7.082  6.523  5.932  5.020  4.336  4.136  1.415  0.917  0.559  1.150  2.062  2.746  2.946    5.434    3.977    3.028    2.523    1.950    1.258	0.899	 0.789  8.071  7.108  6.426  5.975  0.963  0.682  1.133
1.30  0.0000  7.9433   8.632  8.114  7.185  6.620  6.024  5.105  4.420  4.219  1.448  0.929  0.565  1.161  2.080  2.765  2.966    6.126    4.400    3.313    2.746    2.112    1.355	0.967	 0.847  8.188  7.211  6.522  6.067  0.977  0.689  1.144
1.30  0.0000  8.9125   8.767  8.224  7.280  6.708  6.104  5.175  4.486  4.283  1.487  0.944  0.572  1.176  2.105  2.794  2.997    6.899    4.845    3.599    2.963    2.263    1.439	1.023	 0.895  8.299  7.306  6.609  6.147  0.993  0.697  1.159
1.30  0.0000 10.0000   8.896  8.332  7.376  6.798  6.189  5.256  4.566  4.363  1.520  0.956  0.578  1.187  2.120  2.810  3.013    7.736    5.327    3.914    3.204    2.435    1.543	1.096	 0.959  8.409  7.402  6.698  6.233  1.007  0.704  1.170
1.30  0.0000 11.2202   9.031  8.441  7.471  6.885  6.269  5.326  4.631  4.426  1.560  0.970  0.586  1.202  2.145  2.839  3.045    8.728    5.865    4.254    3.459    2.612    1.638	1.159	 1.012  8.521  7.497  6.785  6.314  1.023  0.712  1.184
1.30  0.0000 12.5893   9.172  8.553  7.568  6.975  6.353  5.407  4.712  4.508  1.604  0.985  0.593  1.215  2.161  2.856  3.060    9.895    6.478    4.634    3.742    2.810    1.759	1.244	 1.087  8.635  7.595  6.874  6.398  1.040  0.721  1.197
1.30  0.0000 14.1254   9.308  8.659  7.658  7.057  6.427  5.470  4.771  4.564  1.650  1.000  0.601  1.231  2.188  2.887  3.094   11.181    7.115    5.017    4.022    2.997    1.856	1.308	 1.141  8.744  7.685  6.956  6.472  1.058  0.730  1.213
1.30  0.0000 15.8489   9.437  8.763  7.751  7.143  6.507  5.542  4.841  4.633  1.686  1.012  0.607  1.243  2.208  2.910  3.117   12.545    7.805    5.445    4.340    3.217    1.978	1.391	 1.212  8.850  7.778  7.041  6.553  1.072  0.737  1.225
1.30  0.0000 17.7828   9.575  8.874  7.849  7.235  6.593  5.620  4.917  4.708  1.726  1.025  0.614  1.256  2.229  2.932  3.141   14.202    8.619    5.943    4.707    3.469    2.118	1.487	 1.294  8.963  7.877  7.132  6.639  1.087  0.744  1.237
1.30  0.2223  0.0631   2.892  3.278  3.195  3.004  2.711  2.147  1.562  1.401 -0.302  0.083  0.190  0.484  1.048  1.632  1.794    0.040    0.066    0.108    0.126    0.128    0.114	0.089	 0.081  3.290  3.196  2.965  2.733  0.094  0.231  0.463
1.30  0.2223  0.0708   2.988  3.348  3.263  3.082  2.803  2.253  1.686  1.527 -0.275  0.085  0.181  0.459  1.009  1.577  1.736    0.043    0.070    0.114    0.135    0.139    0.125	0.100	 0.091  3.359  3.264  3.044  2.824  0.095  0.220  0.440
1.30  0.2223  0.0794   3.090  3.418  3.329  3.153  2.885  2.351  1.799  1.645 -0.239  0.090  0.176  0.444  0.978  1.529  1.684    0.047    0.074    0.121    0.143    0.149    0.136	0.110	 0.101  3.430  3.330  3.116  2.904  0.099  0.215  0.426
1.30  0.2223  0.0891   3.183  3.483  3.387  3.214  2.955  2.434  1.898  1.747 -0.204  0.096  0.173  0.432  0.953  1.490  1.640    0.051    0.078    0.127    0.151    0.158    0.147	0.120	 0.110  3.494  3.389  3.177  2.974  0.105  0.212  0.415
1.30  0.2223  0.1000   3.274  3.549  3.448  3.277  3.028  2.519  1.996  1.849 -0.174  0.101  0.171  0.421  0.930  1.452  1.599    0.055    0.083    0.133    0.159    0.168    0.157	0.130	 0.120  3.560  3.450  3.241  3.046  0.109  0.209  0.404
1.30  0.2223  0.1122   3.381  3.626  3.522  3.355  3.116  2.622  2.115  1.971 -0.141  0.104  0.166  0.406  0.900  1.407  1.550    0.061    0.088    0.142    0.170    0.182    0.172	0.145	 0.134  3.636  3.524  3.320  3.134  0.112  0.204  0.390
1.30  0.2223  0.1259   3.491  3.704  3.592  3.422  3.147  2.294  1.622  1.377 -0.101  0.112  0.171  0.446  1.298  1.970  2.215    0.067    0.094    0.151    0.180    0.186    0.127	0.092	 0.077  3.714  3.595  3.386  3.163  0.119  0.209  0.432
1.30  0.2223  0.1413   3.602  3.783  3.667  3.500  3.236  2.435  1.785  1.549 -0.065  0.116  0.167  0.431  1.232  1.882  2.119    0.074    0.101    0.161    0.192    0.201    0.143	0.106	 0.090  3.793  3.671  3.464  3.253  0.122  0.206  0.418
1.30  0.2223  0.1585   3.728  3.871  3.745  3.578  3.324  2.587  1.968  1.746 -0.017  0.126  0.167  0.421  1.158  1.777  1.999    0.082    0.109    0.172    0.205    0.216    0.164	0.124	 0.107  3.881  3.749  3.542  3.341  0.131  0.207  0.408
1.30  0.2223  0.1778   3.855  3.961  3.822  3.653  3.404  2.707  2.110  1.899  0.033  0.139  0.169  0.418  1.115  1.712  1.922    0.092    0.117    0.183    0.219    0.231    0.182	0.141	 0.122  3.971  3.826  3.617  3.421  0.144  0.210  0.405
1.30  0.2223  0.1995   3.999  4.061  3.908  3.740  3.497  2.843  2.274  2.076  0.091  0.153  0.169  0.412  1.065  1.635  1.833    0.105    0.128    0.197    0.235    0.251    0.205	0.163	 0.143  4.071  3.913  3.703  3.514  0.158  0.210  0.399
1.30  0.2223  0.2239   4.145  4.158  3.987  3.813  3.569  2.932  2.378  2.187  0.158  0.171  0.174  0.417  1.055  1.609  1.800    0.119    0.139    0.211    0.250    0.266    0.222	0.178	 0.158  4.168  3.992  3.775  3.588  0.175  0.217  0.405
1.30  0.2223  0.2512   4.298  4.263  4.071  3.891  3.642  2.989  2.434  2.241  0.227  0.192  0.180  0.429  1.082  1.637  1.830    0.136    0.153    0.227    0.267    0.283    0.232	0.187	 0.165  4.274  4.077  3.851  3.660  0.196  0.226  0.417
1.30  0.2223  0.2818   4.435  4.367  4.156  3.971  3.717  3.051  2.495  2.299  0.279  0.211  0.186  0.439  1.105  1.662  1.857    0.154    0.167    0.244    0.286    0.302    0.244	0.196	 0.173  4.378  4.164  3.930  3.736  0.214  0.233  0.428
1.30  0.2223  0.3162   4.570  4.479  4.243  4.044  3.780  3.105  2.549  2.354  0.327  0.236  0.199  0.463  1.138  1.694  1.889    0.173    0.184    0.262    0.305    0.318    0.255	0.205	 0.181  4.491  4.252  4.001  3.800  0.239  0.250  0.452
1.30  0.2223  0.3548   4.702  4.595  4.331  4.117  3.839  3.147  2.588  2.390  0.372  0.264  0.214  0.492  1.184  1.743  1.940    0.194    0.204    0.283    0.324    0.334    0.264	0.212	 0.186  4.607  4.341  4.071  3.860  0.267  0.270  0.481
1.30  0.2223  0.3981   4.847  4.724  4.431  4.201  3.912  3.200  2.635  2.435  0.416  0.293  0.230  0.519  1.231  1.796  1.995    0.221    0.228    0.309    0.348    0.356    0.276	0.220	 0.193  4.737  4.442  4.152  3.934  0.295  0.290  0.508
1.30  0.2223  0.4467   4.988  4.856  4.530  4.284  3.986  3.247  2.675  2.472  0.459  0.327  0.245  0.544  1.283  1.855  2.057    0.250    0.256    0.336    0.374    0.378    0.286	0.227	 0.199  4.871  4.542  4.232  4.009  0.329  0.310  0.533
1.30  0.2223  0.5012   5.128  4.992  4.627  4.363  4.053  3.288  2.709  2.505  0.501  0.365  0.264  0.574  1.338  1.918  2.122    0.283    0.289    0.366    0.400    0.400    0.296	0.233	 0.204  5.008  4.640  4.307  4.077  0.368  0.333  0.563
1.30  0.2223  0.5623   5.279  5.140  4.732  4.447  4.117  3.346  2.762  2.558  0.546  0.408  0.286  0.615  1.386  1.970  2.174    0.323    0.329    0.401    0.430    0.422    0.310	0.243	 0.213  5.158  4.747  4.387  4.142  0.411  0.360  0.605
1.30  0.2223  0.6310   5.428  5.288  4.839  4.533  4.190  3.409  2.821  2.617  0.589  0.449  0.306  0.649  1.431  2.018  2.223    0.369    0.375    0.440    0.462    0.449    0.327	0.255	 0.223  5.309  4.856  4.470  4.216  0.454  0.386  0.639
1.30  0.2223  0.7079   5.592  5.445  4.954  4.627  4.266  3.475  2.882  2.676  0.638  0.491  0.327  0.688  1.479  2.072  2.278    0.426    0.431    0.486    0.501    0.479    0.345	0.268	 0.234  5.469  4.972  4.560  4.294  0.497  0.412  0.678
1.30  0.2223  0.7943   5.767  5.604  5.067  4.718  4.342  3.534  2.935  2.729  0.701  0.537  0.349  0.725  1.533  2.132  2.338    0.498    0.496    0.536    0.541    0.510    0.363	0.280	 0.244  5.631  5.086  4.647  4.370  0.545  0.439  0.715
1.30  0.2223  0.8913   5.944  5.758  5.178  4.808  4.415  3.588  2.981  2.773  0.766  0.580  0.370  0.763  1.590  2.197  2.405    0.582    0.568    0.590    0.585    0.542    0.379	0.290	 0.253  5.789  5.198  4.734  4.445  0.591  0.464  0.753
1.30  0.2223  1.0000   6.108  5.897  5.278  4.890  4.482  3.643  3.032  2.825  0.830  0.619  0.388  0.796  1.635  2.247  2.453    0.673    0.641    0.642    0.627    0.573    0.396	0.302	 0.264  5.932  5.299  4.813  4.513  0.633  0.486  0.786
1.30  0.2223  1.1220   6.284  6.046  5.389  4.983  4.562  3.711  3.094  2.888  0.895  0.657  0.405  0.827  1.678  2.294  2.500    0.786    0.731    0.707    0.679    0.613    0.419	0.318	 0.278  6.084  5.410  4.904  4.593  0.674  0.506  0.816
1.30  0.2223  1.2589   6.445  6.173  5.475  5.049  4.611  3.750  3.128  2.923  0.970  0.697  0.426  0.865  1.725  2.348  2.553    0.906    0.816    0.761    0.717    0.637    0.431	0.326	 0.285  6.215  5.497  4.967  4.644  0.718  0.530  0.854
1.30  0.2223  1.4125   6.598  6.268  5.508  5.044  4.568  3.690  3.049  2.846  1.089  0.760  0.464  0.940  1.818  2.460  2.663    1.036    0.886    0.779    0.708    0.609    0.405	0.301	 0.264  6.319  5.531  4.956  4.603  0.788  0.575  0.928
1.30  0.2223  1.5849   6.783  6.410  5.596  5.091  4.539  3.495  2.775  2.536  1.186  0.814  0.505  1.057  2.101  2.821  3.060    1.217    1.000    0.837    0.733    0.587    0.336	0.232	 0.196  6.467  5.619  4.999  4.576  0.848  0.620  1.044
1.30  0.2223  1.7783   6.993  6.654  5.866  5.376  4.854  3.940  3.267  3.056  1.127  0.788  0.490  1.012  1.925  2.599  2.810    1.463    1.239    1.063    0.944    0.777    0.501	0.362	 0.314  6.707  5.889  5.285  4.891  0.818  0.604  0.998
1.30  0.2223  1.9953   7.168  6.809  6.002  5.502  4.970  4.063  3.391  3.183  1.166  0.807  0.500  1.032  1.939  2.611  2.819    1.707    1.420    1.196    1.052    0.859    0.557	0.402	 0.351  6.865  6.026  5.410  5.008  0.839  0.615  1.018
1.30  0.2223  2.2387   7.340  6.952  6.121  5.609  5.065  4.155  3.480  3.275  1.219  0.831  0.512  1.056  1.966  2.640  2.846    1.986    1.609    1.326    1.153    0.931    0.602	0.434	 0.379  7.011  6.145  5.516  5.103  0.866  0.629  1.041
1.30  0.2223  2.5119   7.519  7.104  6.253  5.730  5.172  4.246  3.564  3.357  1.267  0.851  0.523  1.080  2.007  2.689  2.896    2.329    1.839    1.487    1.281    1.021    0.651	0.466	 0.406  7.166  6.277  5.635  5.211  0.889  0.641  1.065
1.30  0.2223  2.8184   7.699  7.249  6.375  5.840  5.271  4.334  3.648  3.441  1.324  0.875  0.534  1.104  2.041  2.727  2.934    2.732    2.090    1.655    1.410    1.112    0.702	0.500	 0.436  7.314  6.399  5.745  5.311  0.915  0.654  1.088
1.30  0.2223  3.1623   7.877  7.382  6.479  5.932  5.353  4.416  3.729  3.524  1.398  0.903  0.547  1.125  2.063  2.750  2.955    3.199    2.347    1.810    1.525    1.192    0.752	0.536	 0.468  7.451  6.504  5.835  5.394  0.947  0.669  1.110
1.30  0.2223  3.5481   8.034  7.496  6.569  6.010  5.423  4.466  3.773  3.565  1.465  0.927  0.558  1.146  2.102  2.796  3.004    3.675    2.593    1.955    1.630    1.263    0.783	0.555	 0.483  7.569  6.594  5.912  5.463  0.976  0.682  1.131
1.30  0.2223  3.9811   8.192  7.628  6.687  6.122  5.526  4.544  3.843  3.629  1.505  0.941  0.565  1.161  2.143  2.845  3.058    4.226    2.910    2.167    1.796    1.382    0.836	0.588	 0.510  7.703  6.712  6.023  5.567  0.991  0.689  1.145
1.30  0.2223  4.4668   8.325  7.737  6.783  6.212  5.614  4.645  3.948  3.738  1.542  0.954  0.571  1.168  2.138  2.835  3.044    4.749    3.198    2.354    1.940    1.490    0.912	0.644	 0.560  7.814  6.808  6.112  5.655  1.006  0.696  1.153
1.30  0.2223  5.0119   8.391  7.820  6.876  6.310  5.716  4.746  4.050  3.840  1.514  0.943  0.567  1.161  2.131  2.826  3.036    5.018    3.432    2.551    2.111    1.626    0.995	0.704	 0.612  7.895  6.902  6.210  5.757  0.993  0.691  1.145
1.30  0.2223  5.6234   8.534  7.938  6.983  6.409  5.809  4.830  4.131  3.920  1.551  0.956  0.573  1.174  2.153  2.851  3.062    5.693    3.809    2.799    2.301    1.762    1.070	0.754	 0.655  8.016  7.008  6.309  5.850  1.008  0.699  1.158
1.30  0.2223  6.3096   8.699  8.082  7.115  6.535  5.927  4.940  4.238  4.026  1.584  0.967  0.580  1.188  2.175  2.877  3.089    6.597    4.325    3.145    2.571    1.956    1.178	0.828	 0.719  8.161  7.141  6.434  5.969  1.020  0.706  1.172
1.30  0.2223  7.0795   8.841  8.201  7.224  6.639  6.027  5.024  4.319  4.104  1.617  0.977  0.585  1.197  2.200  2.905  3.120    7.484    4.804    3.461    2.816    2.134    1.268	0.888	 0.768  8.282  7.250  6.538  6.069  1.032  0.712  1.181
1.30  0.2223  7.9433   8.985  8.316  7.325  6.734  6.115  5.099  4.389  4.170  1.660  0.990  0.592  1.210  2.226  2.937  3.155    8.505    5.316    3.783    3.058    2.305    1.352	0.943	 0.813  8.399  7.351  6.632  6.158  1.048  0.719  1.194
1.30  0.2223  8.9125   9.127  8.428  7.425  6.826  6.204  5.187  4.478  4.261  1.703  1.003  0.598  1.221  2.237  2.947  3.164    9.651    5.868    4.126    3.316    2.488    1.460	1.018	 0.880  8.513  7.451  6.724  6.247  1.063  0.726  1.204
1.30  0.2223 10.0000   9.261  8.536  7.521  6.917  6.289  5.275  4.566  4.351  1.740  1.015  0.604  1.232  2.246  2.955  3.170   10.868    6.451    4.489    3.588    2.681    1.575	1.100	 0.952  8.623  7.547  6.814  6.333  1.076  0.733  1.215
1.30  0.2223 11.2202   9.405  8.645  7.614  7.002  6.367  5.343  4.631  4.415  1.791  1.031  0.613  1.248  2.271  2.983  3.200   12.362    7.107    4.871    3.863    2.866    1.670	1.163	 1.005  8.736  7.641  6.898  6.411  1.095  0.743  1.230
1.30  0.2223 12.5893   9.561  8.763  7.715  7.094  6.452  5.416  4.701  4.482  1.845  1.048  0.621  1.263  2.299  3.015  3.233   14.203    7.888    5.324    4.190    3.089    1.779	1.235	 1.065  8.856  7.742  6.990  6.497  1.114  0.752  1.245
1.30  0.2223 14.1254   9.711  8.878  7.815  7.186  6.539  5.503  4.788  4.571  1.897  1.063  0.629  1.276  2.312  3.027  3.244   16.251    8.730    5.811    4.542    3.333    1.919	1.333	 1.151  8.974  7.842  7.082  6.584  1.132  0.760  1.258
1.30  0.2223 15.8489   9.864  9.000  7.924  7.288  6.633  5.583  4.864  4.644  1.940  1.075  0.636  1.292  2.342  3.061  3.281   18.630    9.728    6.403    4.970    3.619    2.057	1.423	 1.226  9.098  7.952  7.183  6.679  1.146  0.768  1.273
1.30  0.2223 17.7828  10.006  9.115  8.030  7.388  6.725  5.662  4.940  4.718  1.975  1.085  0.643  1.305  2.368  3.090  3.312   21.145   10.780    7.032    5.426    3.924    2.205	1.521	 1.308  9.215  8.058  7.282  6.771  1.158  0.776  1.287
