4.082147149926663288e-05
3.568469676262530678e-04
1.437275749710411384e-03
nan
4.427984231344929368e-04
1.530220514465239611e-03
2.428316287974267314e-10
nan
3.013379810631994496e-10
nan
nan
1.315095141065789338e-09
3.093446444807393360e-10
8.901153695188800911e-10
4.602699829707275263e-10
7.112162632295120873e-10
1.049206970070422988e-10
5.942403632218694768e-10
1.284808991799179489e-10
1.349896030740528437e-09
5.892843800611074779e-10
3.364547532588537740e-10
3.193103585075011231e-10
2.415590270068965866e-09
6.370602729875965989e-10
1.066705862464959238e-09
7.051382109693967363e-10
4.832160623877888329e-09
1.191017403274243791e-09
nan
4.526420265563778296e-10
6.023222293314595511e-10
2.603897249238805990e-10
2.793800910004691179e-10
nan
2.972913400230494540e-05
4.616098874895257083e-10
nan
nan
7.728684095639667737e-11
2.494945930513889831e-04
nan
1.530890074402186089e-06
nan
8.555794066901007333e-04
nan
3.383710362927154318e-04
8.031935341535019262e-04
8.785302573025306067e-04
nan
7.538571784641227074e-06
nan
nan
nan
2.749606020121385819e-04
4.051739505071818084e-03
2.523472358517708813e-04
8.551714762247174316e-05
3.800152740596420453e-04
nan
7.362088307835992120e-06
nan
1.328278617257613758e+00
4.633356008053514277e-04
1.264445464468215173e-10
nan
2.264460388606698293e-03
nan
nan
6.689756618789375266e-06
4.631547952236856930e-04
8.589192409609912933e-05
2.240634737000076881e-03
1.036783439298317907e-04
nan
1.100517162370104676e-02
6.488965810672121847e-04
1.748775156249710104e-04
2.030561141391802463e-04
3.332441279013452728e-05
nan
1.361374709198278059e-03
nan
nan
1.162390753829216350e-04
4.661194676425503894e-05
6.051534717021394401e-06
1.259762424327591108e-05
2.541725998478721032e-04
8.540725651146394279e-04
8.972791046999611594e-03
1.984891660418810805e-04
3.606951787650181573e-04
nan
nan
4.876531456251588237e-01
1.879773077207756520e-05
5.028975454418313290e-04
2.530886758271968205e-03
3.694403685275220433e-04
8.377216897946664070e-11
nan
4.048906971538011402e-04
2.114068769442365228e-02
nan
1.569324887535256856e-03
1.000089395698876266e-04
2.335975800264070785e-04
1.746206663430327531e-03
1.158831820045455770e-02
2.568279806111246357e-04
2.529698589177948220e-04
2.841040809428857299e-08
1.411209352157113820e-04
4.200723392647848725e-10
nan
nan
1.335857117352278476e-03
nan
nan
nan
nan
2.323348251871603676e-10
3.201922980434187887e-04
2.537603974788900096e-01
1.503475942219888812e-10
2.259821142424249944e-05
nan
1.624604172571101702e-04
7.933105552464276991e-04
nan
nan
4.268644641772147139e-10
nan
6.692070612567094915e-10
1.795143573998690721e-03
5.140832805091171862e-05
8.473123807718269595e-04
1.670482738719898013e-04
3.686377408407187422e-04
5.106142257613225162e-06
2.187884537206272705e-03
2.560514194455920458e-10
nan
2.145546815548672548e-10
nan
nan
4.261166334961643642e-04
4.203973963905554070e-03
1.078517561798021706e-03
5.120582833276003016e-08
1.684161091697177620e-03
nan
nan
4.557198818592984131e-04
2.575222323585169270e-05
1.755367794358957166e-05
5.528914392334477115e-05
1.231621352923814096e-06
3.904761703786924573e-05
2.133491234501019677e-04
8.204757011706184547e-05
nan
nan
4.615101113250718733e-04
1.561910123307440810e-08
nan
nan
nan
nan
nan
2.882702642869786709e-05
nan
nan
3.227360438765695949e-04
2.362107992872628653e-02
nan
nan
1.437335692332025391e-02
1.461713239437179837e-03
8.920915969600706167e-05
2.370166285843469493e-03
7.182180506470541034e-06
1.410041337151598800e-09
nan
4.965754434254044628e-05
2.596914951604559229e-04
3.960787507409389092e-05
0.000000000000000000e+00
4.160044462080261861e-04
5.699322258253539264e-08
1.543707708931953571e-03
1.306298672403475680e-04
2.471819590464654159e-04
nan
1.849018159117948867e-03
nan
7.711180087577176401e-04
nan
8.025317415930804466e-04
nan
6.081995926728664273e-04
4.498857031497174863e-01
5.141615197134427042e-04
1.177707544777712367e-03
nan
2.313743027568037371e-10
8.043290716136309754e-07
3.537707178151739957e-05
1.255566395015693225e-10
1.104621293000676964e-04
4.817416381939533024e-06
1.624715564956203881e-04
1.095501219517294560e-04
nan
4.807794697823016006e-05
8.787965341605692856e-06
nan
9.947170666071362532e-04
2.441436470457011273e-05
2.482191502448279241e+00
1.956474273812633391e-02
1.850787498125897902e-04
1.616747072257213643e-03
nan
5.084870833868201934e-04
nan
1.611999615372632490e-04
1.408361171001779749e-05
4.402281386775689067e-10
nan
5.339027245498339472e-05
nan
2.154753704828203317e-02
nan
1.298418099310521905e-04
4.507564540593236337e-04
nan
6.281900859357013153e-06
4.424373304104771285e-05
1.083595690028171235e-04
1.061399973278010682e-04
5.631867004203997646e-04
nan
2.043127149362868533e-04
5.053127158306921964e-04
nan
nan
5.656834316535568931e-03
nan
1.614603251689967307e-03
nan
7.842095603445332647e-04
1.494577617365776977e-10
3.322240503454776543e-08
2.417965190307721189e-03
1.212571861187255556e-04
1.331241050033808029e-10
nan
1.441857203169699111e-03
8.593592151744254168e-08
3.595992811460127030e-10
nan
1.198316501078949652e-04
nan
1.691611003579084819e-05
4.880156763389859379e-05
2.237585667232847347e-10
3.743004989117893139e-04
6.374755589599346304e-04
3.156374519946819114e-10
nan
5.089706803695118392e-06
1.437495196989689500e-08
3.017671018284933827e-10
nan
4.136102966460447161e-04
6.095989373843925063e-05
4.116448372990026651e-04
nan
1.133542120722622027e-04
7.643058190511016351e-04
nan
4.366187419518774318e-04
1.982404089211380527e-04
4.635556976450050685e-04
nan
1.580081480101197620e-03
2.998731983498019560e-05
6.737282156889228425e-04
6.170440990529205659e-04
1.630986296123299669e-04
4.890539936595010920e-03
nan
nan
nan
2.123586863449643605e-03
1.216880352336335242e-10
nan
7.881010464512518855e-10
nan
3.144410262462377071e-04
nan
1.482910478601312705e-03
nan
1.479340395740274150e-04
nan
1.112495596627819435e-03
9.445327044081495017e-05
5.971428812307734721e-06
5.454078424639383776e-04
7.549264620774684669e-04
nan
9.663323117013750078e-07
nan
5.313483865507887707e-08
5.117487830405620180e-05
3.608415339922167470e-04
6.699552349531325684e-10
1.107430651730925697e-03
8.662483789483960139e-02
5.480674475613981051e-09
3.587820182703604525e-05
4.663451531862220639e-02
5.730854911095021112e-04
6.766060939511281879e-04
2.737663614911499542e-10
2.452127211698854319e-03
9.202784262915520395e-05
5.636170817644152453e-02
1.808354924765625269e-04
6.118965939660574835e-08
1.860669787701927898e-03
1.148013076551194394e-04
3.951149430643104837e-02
nan
2.308321847770504042e-10
1.191161611382141571e-04
1.226218785200027341e-04
1.163722779228546552e-05
6.280034461149810543e-05
8.117079851663972986e-03
9.142549536686325133e-05
4.833184037826021855e-04
nan
1.236412098781132789e-04
2.441872601211092265e-10
nan
7.676907885010319545e-04
3.057959988124898921e-04
nan
1.016426366153853130e-04
1.984107101920220726e-04
nan
2.839755415644050658e-03
nan
1.219139723996171681e-01
1.002129281011461293e-04
2.177755809349198198e-04
3.027185274774268063e-04
nan
3.029680032030316884e-05
nan
2.568965931833466277e-04
8.238784401112696145e-05
7.620608617437668445e-06
2.167750608609883924e-04
1.176167120647571892e-03
8.523825751839117287e-04
2.939504186759294522e-05
1.654962375494042600e-03
2.414607056249216138e-05
1.987527554704824880e-04
1.556020981604470655e-06
1.109222638101117016e-04
5.060733078088150093e-09
2.155363030165361024e-04
nan
1.070096171825336492e-03
8.393182953026154529e-05
3.719172506637642239e-05
nan
5.312534219655289016e-04
1.273187518230962543e-04
3.109304966182317330e-04
1.598708498538961966e-03
nan
5.227318773673919746e-04
1.443729521442019487e-05
8.552692653571502884e-04
nan
3.338653537774070304e-04
6.819419665452837323e-04
nan
1.691251371992548235e-05
nan
6.369403179402674401e-04
6.825884437850374131e-02
nan
8.464653978062307402e-05
5.778892020261797982e-04
3.262229151703192279e-04
1.530038721843028334e-03
1.890980280626778100e-05
6.863305550197848753e-04
5.219110085880944395e-04
2.502127970104757064e-05
3.645710252386621291e-04
3.491263627946261124e-09
1.172245547525323185e-03
7.485089694007904314e-05
5.540326121954940435e-04
1.180242972602418329e-04
1.617567887506326390e-04
4.333299257255977246e-04
6.131601223153880064e-05
7.375701025067092306e-05
8.882067365666332338e-05
5.782364363101518242e-05
3.881852561382604337e-04
nan
1.523116501243867299e-03
nan
5.725392719658479828e-05
1.590770080274741746e-03
4.465505873334324168e-04
3.901528147535539802e-03
nan
nan
1.634446915284663501e-03
6.017042305025496621e-04
1.567135074960059689e-04
nan
nan
1.899941437404242426e-03
2.566111120562045722e-10
5.724405065004375265e-04
1.135864088989423613e-02
9.529079757321095732e-05
1.597503386207194814e-03
nan
6.333490470845673753e-05
nan
2.431367174445149006e-04
1.099858501305056493e-03
1.949903233515216504e-03
1.459502723836624970e-04
4.973148178744181229e-05
3.907456632865680720e-05
2.984816843426206859e-03
1.789387162521540906e-04
9.166912068755578855e-04
2.195932435838494575e-04
1.742712358490363040e-04
nan
4.953019239547147411e-11
5.229812944011790529e-04
2.602504040801383449e-05
9.188925264041194422e-04
6.409619070761385980e-04
1.439426299562937432e-10
nan
5.465129161054679488e-05
6.809203432045045086e-05
nan
5.401033366274372855e-05
5.273881064603304705e-03
8.469575855003996442e-04
7.096805717790924395e-02
3.665415576312215391e-04
8.288707179113918985e-05
1.044497712471180928e-04
nan
2.466739311842237382e-04
nan
1.599011596647828158e-03
nan
6.724601699644520213e-10
8.155338955496773540e-03
1.335666459258061161e-03
9.377357086199090952e-05
nan
1.689928201424046434e-04
3.996400913017923956e-04
9.280261434181245119e-06
1.349326323636233674e-04
9.809277202596004244e-05
2.699838491274422487e-04
7.175539609031020713e-11
nan
1.364678982748733548e-03
1.251703493894073757e-04
3.738295199109777697e-03
5.828571074411781128e-05
5.406137432385438665e-05
5.924994631536641405e-09
1.083750740399668996e-02
7.785544759207975740e-11
3.109148711650733731e-04
6.812523846914817683e-10
4.728560275703467224e-05
9.660983151926690353e-05
6.738323014362471337e-03
1.808363534021536524e-04
2.526884834463064152e-04
1.113791070432617518e-04
4.474222271247717854e-10
1.997891624956336964e-04
1.939388526987906173e-04
nan
1.710717595948708459e-08
2.569326399961249156e-04
6.766852863703979931e-04
1.400396732022915740e-03
2.132681965985760606e-04
1.633927711421556618e-04
nan
1.158191597158481983e-09
2.801348491322671702e-05
1.025355228673410649e-04
1.999826963956482032e-05
4.897163023838906710e-05
7.452555842345147029e-10
1.819600919116272342e-04
2.034729104852571382e-03
2.928245004988489983e-03
1.364088446400820054e+00
1.463023871010307373e-04
6.312634069998045356e-05
1.758742174538408128e-04
2.127072875161209662e-05
1.885693558191957634e-03
3.781000614194877756e-03
7.291097808590726078e-05
1.078365971969618201e-04
9.592986623011928032e-03
1.799150646847886138e-04
2.215037296594676765e-04
1.444420601967145808e-08
1.006980453191770310e-04
9.019055490124659063e-05
2.089643826013090795e-03
7.689778226987032230e-04
1.672380340475790198e-04
1.141666680653957624e-03
7.067186621192845034e-03
1.963425855142122810e-05
2.089532173239098420e-10
nan
1.617431509861476894e-10
1.059977630019053317e-04
8.903441342654091464e-05
1.402916977343901376e-04
1.715180236543017501e-04
2.697395320694658587e-05
2.914978142006452531e-03
5.144246085444978604e-06
4.643538321316319152e-04
1.284884038451736613e-02
2.553664462610127700e-04
nan
2.076101384729408497e-04
3.960536116425378170e-05
7.483773155377387268e-05
5.323821322008330439e-04
2.391536458020801070e-03
1.192556768240650103e-04
1.435444832773048350e-03
1.518066034443237152e-04
3.423127097684894771e-04
1.101635914740367334e-03
5.414979066361756905e-04
2.594117605897986898e-04
7.046678218797948305e-03
2.813740457133382701e-03
nan
nan
2.790645838017319835e-04
nan
1.321282909467965143e-05
5.552753113697250732e-04
1.382204536110636023e-04
7.953156240485064442e-05
nan
3.234057742753115103e-06
5.833629081665988106e-04
1.113547458904505240e-04
5.750382905819231577e-10
1.111337427940658166e-10
3.060449835111155707e-10
nan
nan
2.064616952609399397e-05
3.413672635763813964e-04
1.657883953470529726e-05
nan
3.515865366743158354e-06
2.337838960584826702e-04
3.752953874677285333e-05
nan
6.984569713879479119e-05
8.152582260565570789e-06
2.966081524836955007e-04
nan
1.479659093784428388e-04
1.066943232558405143e-03
2.694219137302087861e-04
7.316548825836086123e-04
4.737501963058979651e-05
9.668390915553479358e-11
6.072450039004187157e-05
3.589145335854040508e-05
2.358938656527005489e-04
4.577537529376056078e-05
2.188041781920647966e-04
5.969834464030768682e-10
4.968045185740260826e-05
1.974841085113544380e-04
1.685501456807679630e-04
8.167148547814607150e-05
1.857959542484564170e-03
8.151741996969957273e-05
nan
9.544241466398688950e-03
4.088443231947644016e-03
4.430028083092250798e-05
1.155963633805792007e-03
2.547956081968766936e-04
nan
nan
4.775279701222378290e-05
nan
3.403288571877117466e-04
4.554437128886210562e-04
4.641028295443993499e-08
2.143977588391513607e-04
3.602982626951914446e-05
2.723711910807148206e-04
3.664012594292473759e-04
1.896555889711031158e-04
9.039854858018814960e-05
3.410966454285339845e-05
1.254081733976450570e-03
3.539404502776017708e-10
7.130888415889208645e-03
1.756477449883612102e-05
5.374626720037826153e-05
1.626837748276982812e-03
2.441410347463631413e-03
6.161333979552115539e-05
8.552436487950100638e-05
7.342032963714831858e-05
nan
4.001006327978653444e-04
1.141551944132988942e-10
8.475453415001071682e-05
1.191098530495300261e-10
1.856634905371698312e-04
4.990258149134170880e-06
8.592034598926731040e-04
9.560157095253258902e-05
6.295850762369106617e-04
1.134459016640217350e-04
1.127528063633538092e-04
2.317041624042767700e-03
1.745047055389222640e-02
9.835628781245454130e-11
3.745706856461339987e-08
nan
4.553046865424563583e-10
6.830535202862703732e-05
1.369764956639719446e-05
2.433781541167238179e-04
2.800204514572088212e-04
1.293501990453676718e-04
3.184785152212123853e-07
4.761813923536147670e-04
5.530071811465354882e-04
1.704616433665804762e-04
nan
2.463017532435077408e-05
6.573887606674560895e-03
2.692170510205705208e-05
1.935570115979479231e-03
6.065313170973165007e-04
6.791857175033989358e-04
nan
nan
2.183920437034203750e-03
2.061725183823607361e-04
nan
nan
3.901996309903884750e-05
2.189185497109923226e-04
3.292399633318112469e-03
6.156307152623338849e-05
1.598979024501399031e-06
2.198447007811728336e-03
4.861675341387700425e-03
4.147880184687768553e-05
1.549416001158995392e-04
8.134798894161236315e-04
1.343333231099818713e-05
4.819626984561630145e-05
nan
1.049279931132427856e-04
7.980015470089218065e-05
2.669742613557513877e-05
nan
4.552161884082087800e-04
nan
1.245693050168155899e-04
2.130320088345855588e-04
2.236297141641006290e-09
3.017685438190362995e-04
nan
5.521183725577322654e-04
1.733005907281880186e-03
2.527173809991755476e-10
nan
1.021666505219378986e-03
6.719902766175832078e-06
nan
2.206610642842350006e-03
nan
6.765580709797382099e-04
2.050285347594443569e-04
3.701437854150117519e-04
nan
nan
1.004466589854562846e-03
3.392492422613386659e-04
2.167029176065551205e-02
nan
1.494569334557521723e-01
nan
3.369655926091082122e-04
3.970997494536672445e-04
6.163449066667891791e-04
1.454177642685608189e-05
4.958998048498890367e-05
2.529767836369511980e-10
4.908516968530976934e-10
nan
nan
nan
nan
1.014589867625476929e-04
7.971713555526649484e-04
1.341417548292353490e-03
2.983517036331596894e-04
7.385323571477293500e-03
1.970200067700309410e-04
nan
6.491013299088256236e-03
1.822451537875509117e-05
7.991776416466626507e-05
1.427931330045805478e-04
5.771190082596232557e-06
1.918978994593320032e-04
nan
9.498239017959955472e-04
1.759905430868755744e-04
nan
2.469145831593807985e-04
6.523727378837175170e-03
7.812469075965491113e-04
1.651834896252995675e-03
nan
5.837515175922829195e-10
7.425696179056735189e-10
nan
nan
nan
2.537643967785995782e-04
5.290718859580279595e-04
3.937970588580099211e-04
7.868712923840724844e-11
7.131920575731566080e-04
4.594008282630842433e-05
3.541137987941863708e-04
2.878398913553375420e-04
5.989657994507508474e-04
nan
4.862825574446492417e-03
1.589009711957973538e-04
nan
1.674314211785361427e-04
2.013469067954526927e-06
nan
2.215543228945697789e-06
nan
2.727903018419742547e-10
8.107151582110553873e-05
nan
3.311125406718265886e-04
2.412371946841265481e-05
1.938324169779776136e-09
2.184228084214511964e-03
4.981925089228024614e-07
1.051982184880573224e-04
2.233145343252804834e-04
9.347037148210666493e-04
5.767843784198551293e-04
nan
2.146962840891306945e-10
nan
nan
nan
nan
7.322792619664788508e-04
9.231963807301003214e-05
3.510128684117623337e-05
1.078499483368534125e-03
1.308598157135077488e-05
7.644958152738874808e-04
7.416750844423486378e-04
1.274289999145998098e-04
nan
5.968231248010234937e-05
6.527332951343180938e-05
2.362763094305873803e-04
nan
8.319988124799126278e-03
3.698578193119406317e-04
1.049585121476759655e-03
1.394637779049986417e-03
3.454310262538079232e-06
1.310900715338520774e-04
nan
5.478578671791046843e-04
nan
1.102958022914191825e-05
4.885733453699054712e-05
1.964596059804559497e-10
nan
1.464584662996768017e-05
1.353581895569683051e-03
4.237873302223349264e-08
1.608930545479098475e-03
nan
3.226463902289648241e-05
6.985803508241210250e-04
2.159268788757014342e-03
1.493194993446281333e-09
2.265024742261020527e-04
1.338793649257124857e-03
5.161729639872513419e-05
3.102466669631339974e-04
2.617350804662746757e-04
7.454275671587778452e-04
1.502025857804985666e-04
2.701046431701613094e-05
5.152000429105102116e-06
6.507845965986817265e-08
2.270151882005017941e-04
7.512210425052044845e-04
1.086276531196169542e-05
1.188708899849664309e-03
8.156022950280545736e-05
1.006761429262397281e-04
2.886057246030437917e-04
1.074141466190833664e-02
7.985603342508174247e-05
1.046896209123139012e-04
1.417840501882638331e-04
nan
4.619447259480389807e-04
4.802379440704537057e-04
2.040478048225119185e-04
1.860006819518458723e-04
2.208154389058653970e-08
6.923566949930084384e-05
7.653261611828869280e-10
8.355339867883584482e-04
9.892465529770446287e-05
2.547432026003177449e-04
nan
1.878908543782566653e-04
2.163317698455001731e-04
1.328175269583465660e-05
2.187970446849588709e-04
1.048181806557144937e-04
nan
1.509684653525464771e-04
2.653142610655150188e-04
9.286557456690452462e-05
1.861788576279745132e-03
nan
1.006864438289246586e-03
4.947369401299178855e-04
1.445748271891237570e-10
2.847896576379367928e-10
nan
3.013765673954054737e-03
nan
2.764925879292932411e-03
8.144846932162517930e-05
1.256855027735349635e-04
4.092645848108789801e-04
8.529674368169462416e-08
1.726038288620907390e-04
1.906587410467389276e-09
1.915130619293255399e-05
3.431095316086568594e-04
2.460483219351166516e-08
nan
1.406804791912718829e-04
3.262684203259516710e-04
1.552973597074163196e-04
5.609939553099686262e-03
1.906185249921362596e-02
1.373121234184532555e-10
9.241144446360553464e-05
3.944251933280626437e-05
7.301080545024818836e-04
3.134045266155902157e-05
6.418406392981248278e-10
5.371979505573353452e-05
1.173242072904301098e-07
1.500837646827337216e-09
nan
nan
1.812959891246727367e-05
2.268963713079144920e-03
1.496990676505595376e-03
3.654007973619679476e-04
7.102248043250367451e-05
6.590630643167543303e-05
1.218126193999569215e-04
nan
4.103248681163664956e-04
2.259956912349227556e-04
1.405104037720452531e-03
3.826391102795041093e-04
3.307847803750927280e-08
9.627667196153788867e-04
2.661503394259133654e-04
1.102191243384806861e-03
nan
8.297505426489864850e-04
8.243578296975872274e-05
1.849166973148148613e-04
9.708412741386435185e-05
6.065286641864356182e-04
3.423606885592302715e-05
1.226040261338884633e-04
3.054335766120224805e-04
2.663146539797066296e-05
4.141101415401098507e-05
1.722427187083151821e-03
5.154199831944107125e-05
1.933788595276080572e-10
2.149806660997192510e-03
9.840373532158436156e-04
1.332561264935593548e-03
1.368803583637951803e-03
1.258997888476898154e-04
3.959623863322310083e-10
2.751251774976933072e-06
4.152835975214463177e-05
1.615631597648151314e-04
nan
nan
1.039430949668295026e-04
5.156957124772557294e-04
1.132980487748406578e-09
5.513317215063002464e-10
2.695534232034068477e-10
nan
nan
nan
1.954176504617607371e-04
7.322755977477764656e-05
1.841959781972413131e-08
8.561902493360469874e-06
3.293979884732418885e-04
3.901865958471974986e-03
1.462152855947611817e-03
1.269064115903002993e-03
7.780893799923779602e-05
1.520472728646247919e-04
7.686823542293015144e-04
nan
5.822264104053811529e-05
9.492874667924290633e-03
4.509698833754061803e-03
1.745162365818319402e-03
8.543838114507812585e-06
5.918240282902632638e-09
2.156123019826875761e-05
nan
2.481220005236102829e-05
6.998810723761392238e-03
1.537776159219829842e-03
1.009438397123906997e-07
1.024602676388859256e-04
7.664914287657642600e-03
4.501406872121810105e-04
nan
1.732580681658573185e-09
nan
3.229989792412458842e-04
6.438308839174405104e-04
nan
1.359297324326263416e-04
3.364431102568363934e-04
2.821075966829035271e-05
3.869923881266195049e-05
4.491921639159891311e-04
3.214916783850101155e-05
nan
2.442901412603788627e-04
nan
8.164307678885679865e-04
8.260468434489377939e-05
2.450180759804208527e-04
2.751351060219074272e-05
6.889608936518718668e-04
1.196475093856251397e-04
nan
nan
5.747214651908862885e-04
3.355615988570264595e-10
4.879011747910797251e-04
2.076785298167838827e-04
1.548952841047300747e-07
9.804071873758827475e-05
1.645671700568538971e-03
9.791468729152634349e-10
2.008039229419520256e-04
7.170950114213141269e-03
7.409111240329213795e-05
2.149652946309402974e-05
2.586499126660320603e-05
3.040084034398982983e-03
8.823235464526391764e-04
1.813113077484806697e-04
3.151401897834208799e-05
6.893234535137915571e-04
3.665741572251081403e-04
1.127509810474036634e-04
3.987958173481307117e-04
1.327382871127952648e-04
nan
5.943724374554263962e-04
3.969205445071181471e-04
7.796040799419913254e-04
4.991487662846593766e-03
2.387770681312405253e-04
1.815924767258863116e-04
7.019607925509038738e-04
1.599277497125067516e-10
7.129394904031121066e-04
1.531491806726268637e-04
7.328011137198000401e-11
7.898382924196735202e-06
6.603369753138026328e-10
nan
6.485374542132222924e-04
nan
1.447224743898502903e-03
3.272128531175914911e-10
3.549289695749587188e-05
3.918148542770262207e-05
6.705386071678447106e-07
4.014658726060610773e-04
9.873948727326303039e-05
5.590879491575816282e-04
2.480523466369079417e-04
nan
3.247095184949687862e-05
1.167059587590787246e-03
6.986427645969316364e-04
1.933573471407469824e-01
nan
1.023354592572085721e-04
1.817668603728104116e-03
5.709670140900790150e-06
9.260748599185897387e-10
8.533356329905556940e-11
1.901065711380277561e-03
nan
2.862684497658603559e-05
1.505446041328818707e-02
nan
5.888143842390418468e-04
1.380606818478049050e-04
2.150957161745633573e-10
3.967302360253906971e-05
1.365549079440888953e-03
4.627596329586981555e-05
3.053540166025437119e-05
4.805872100239631578e-04
6.923538043900255741e-03
nan
nan
5.610431418083697633e-05
1.782363868146894350e-03
2.836640845068655555e-10
8.111829410264648405e-05
5.336171583003258476e-05
5.598455152980285352e-04
nan
1.482204319165824615e-03
5.217587822517307178e-04
1.264361902067465517e-03
2.855000729993390721e-03
nan
nan
8.108511254190672955e-05
5.079965889379596316e-04
8.036157364750647536e-06
2.309155516981304355e-03
2.491415257186740842e-04
3.048512296426378088e-09
5.767399745814510720e-05
nan
3.638697098391994187e-04
8.064410640764277025e-05
2.465639873206603385e-05
nan
9.481586181108384980e-04
1.151599372715354758e-04
6.463331633890178577e-05
1.362914238184279438e-04
1.095425217060369417e-05
5.916211684739191342e-04
3.764111451805506037e-05
2.222104870969620997e-03
2.101153487948456569e-04
nan
5.253218912482191406e-04
4.810097956812119059e-04
nan
nan
8.793272706072022878e-04
1.707903136887877643e-04
7.558860053394678472e-05
4.037745239104438100e-06
2.294658855111787597e-05
4.750606214506589674e-04
nan
1.258583016176516582e-04
2.787451983228493558e-04
nan
1.991018182291774772e-04
8.027999233732493719e-05
5.787307528902508593e-04
5.823396395577969901e-04
8.684221215697945830e-04
2.339862900132922256e-10
nan
1.293279853623579417e-04
4.413316609606716316e-05
1.058121966793268247e-03
2.210213899720325087e-03
3.146639956278110908e-05
2.093346405716659756e-03
2.150128590662561136e-04
1.054954688748005768e-04
5.374552888732128225e-05
4.246293453428808548e-04
1.002802747158394086e-03
2.509202418095594044e-03
2.382332780090782795e-03
1.152589402266921033e-02
7.390482149654908992e-04
9.054894794796624529e-05
nan
4.116358592415264576e-09
3.430113574022199475e-10
5.528467537075946802e-05
nan
nan
9.846560560496957410e-05
1.376679478442929708e-04
1.737574464697753344e-03
8.477054171431553883e-05
3.463719072899585582e-10
4.276817304666250810e-04
4.683888727560026966e-04
2.967501501863659781e-04
3.225041939229966124e-05
8.915104851650027982e-05
1.959152908618477362e-03
2.022677751221751419e-01
1.187579097809320953e-08
2.127640868066459621e-04
9.880255988119245394e-04
1.287570702716253495e-08
9.412798067496370904e-05
1.710509606982708267e-03
2.158671429188306043e-05
nan
6.375674202129762754e-05
4.292368774796893546e-05
8.546274924481338405e-05
2.610743852691993299e-04
1.291124271986367829e-04
5.356717276525299474e-05
2.970639059276209458e-10
1.026018306212174176e-03
5.453407010641241320e-04
2.334044524848450741e-04
nan
2.763305596349621023e-04
2.841090498767427099e-04
1.130258854440076478e-04
9.193866780484114269e-05
nan
2.962301178062051339e-05
3.899248195481614743e-04
nan
nan
7.666580508694936260e-05
8.041735142711433365e-06
nan
4.578119819393069293e-06
3.834393373853976273e-04
1.502752461455398626e-02
nan
5.828240075533427760e-03
1.085005664610334022e-04
nan
6.268439393705695824e-10
1.413424913883153328e-03
2.675011459423475109e-10
6.712564355221581174e-04
8.800486276825542900e-04
2.490505333797634886e-04
1.638465482672465473e-05
6.661781156694770794e-05
1.761992014832783641e-03
8.307883727744009433e-03
1.809250854702770350e-04
7.975833662633144416e-03
3.991125349399010473e-04
3.062927780701933450e-04
2.241330857951200680e-03
1.734582112078328852e-04
nan
3.452767097225157428e-03
nan
1.933905288058400894e-04
9.167356017409670560e-06
2.631014066085105474e-04
5.264521658660708311e-04
5.060496487421137733e-05
1.629839304276536156e-03
nan
6.965176698411554290e-04
1.919768697067064254e-04
3.132706203331961478e-04
2.738252481268661147e-04
2.565917324862025759e-03
1.477584299408471154e-04
3.673254125647979149e-10
nan
nan
nan
nan
5.497058809652309369e-04
4.113845008884424480e-05
3.118372583447739075e-05
nan
1.985626790312939216e-04
1.131005000883876987e-03
7.892837623736960722e-04
nan
6.906477662745319891e-05
2.218211513719288289e-04
1.227219648004382779e-04
4.946576498892486622e-04
8.013123722646143859e-05
nan
2.184904914688427585e-05
4.488919243986661564e-04
6.229172701236417291e-04
1.379506618662488387e-04
2.352380690201381493e-05
9.861672933903131353e-05
1.273443723255631027e-10
1.249690769047030834e-03
2.883917130871583226e-05
1.030096394194594594e-03
1.566041267298749057e-04
9.852648015959311438e-05
3.843871841970859770e-09
3.453968213165684676e-11
1.075335303476965539e-10
3.602323636552841127e-10
2.208973730127247100e-10
2.624940210818060471e-10
6.011626770275437838e-05
1.159093262426949361e-10
nan
5.757476785741591102e-10
4.334127862626078543e-04
2.782601503125250769e-04
1.920714697445026877e-03
1.419014708390008888e-03
nan
nan
5.867929510885900885e-04
nan
1.651116766196238602e-05
1.373897037466567292e-04
3.202313859849269674e-05
1.428024001980958760e-02
nan
1.090099118462175100e-04
5.047340238136953285e-04
2.384449137004087998e-04
1.327396498028797240e-03
1.498572593300886451e-05
4.254555926685503198e-01
2.416130571886100815e-03
4.890094864988582275e-04
2.901244773386083670e-04
1.391949724802348312e-04
1.245925925631132447e-04
3.262904572380746814e-04
3.110941927440552149e-10
1.095252856926672595e-05
5.707852135260351551e-05
7.265807824683610187e-05
1.248479427849071531e-03
1.772778698216296168e-04
2.670754670319918289e-04
1.765903444474158090e-03
1.030386717908276125e-05
9.480428099650969672e-06
4.016977454991682702e-04
7.522456697620614769e-05
3.557012881843451635e-05
nan
7.137054894818683657e-04
7.205203833169285385e-04
4.542874845356459227e-04
2.904297126101750047e-04
5.213219498899268525e-04
1.157913678902629858e-03
9.544746858446383615e-06
1.685415381422916692e-03
3.021832718754903046e-04
2.812213945046713667e-02
nan
5.769090651634184460e-11
3.781711390754427132e-10
1.199202825622196656e-04
2.899610214637647230e-04
3.496372808584509711e-05
4.486068052398528181e-04
1.418061181353610726e-05
nan
4.239265494012550359e-03
nan
nan
1.230137074778459700e-04
3.327070934788000701e-04
2.210942592338137444e-04
3.526126993709283782e-03
3.264497945498001310e-05
7.862653026881194366e-04
nan
3.004490813398566127e-04
2.679012659377221156e-04
nan
nan
1.105002129130825284e-03
5.814450064404178475e-04
nan
2.753892363895894765e-08
3.514460286585337125e-03
nan
2.254104799546792427e-04
1.716113579783158589e-10
1.720213932004427849e-04
5.762112847481565481e-05
1.415996394544542490e-05
nan
2.732889912205085079e-04
1.465510266283245400e-03
1.619541403561239063e-03
1.268791021180611785e-05
2.029255073459962957e-05
5.601276956775247818e-05
1.947673558399712725e-04
1.845851903879796547e-09
1.714846127112157235e-09
2.268955513886082158e-09
9.553170627961981364e-10
1.381353386631316878e-09
6.986586888733652206e-10
nan
1.586469076407493348e-05
5.469665729774154592e-03
5.638943180434020718e-05
1.020138632612337782e-04
6.393987451147030443e-05
2.398423821025184204e-04
4.941501175737060713e-06
1.334363586137240717e-04
7.525281256612497728e-04
2.397258370494891912e-03
nan
4.047879405587239895e-04
4.620789446289011318e-04
nan
3.724832025746175994e-03
1.585133089489860038e-03
2.415684277137859401e-04
1.077681556234973504e-05
6.897223020344188317e-05
nan
nan
1.418274057656812776e-04
5.710322659313042031e-05
1.478634572849252564e-03
5.980150042783333566e-04
2.007458697907978529e-03
1.194636412311567258e-05
7.594864736726816162e-05
3.316026704810473244e-04
5.271460606503931660e-04
1.930396560048486070e-04
nan
5.018480160867654479e-05
nan
2.617202649449952589e-04
8.554154968374094248e-04
2.014290631252807842e-02
7.327147853246480361e-05
nan
5.036774027712748918e-04
4.358107384780048944e-10
7.054221521962539547e-05
1.697331803243553759e-03
2.180105199203281607e+00
1.019154782184958060e-03
nan
7.599638500142869317e-04
5.654415568102803607e-04
2.560456034735659013e-10
1.924296955095753986e-04
5.375526996419503377e-04
nan
8.724215893290249938e-04
9.318104611191980937e-04
1.348669075750302988e-04
5.621476667279798155e-05
nan
2.089240460610051152e-05
3.325547231927975226e-10
3.626722860137248836e-04
3.686131768545211564e-04
2.289169260614728992e-06
1.433270899667205261e-03
6.224643611298311531e-05
nan
nan
3.848132304186343023e-10
1.149734562686590897e-02
nan
4.096055424449404392e-05
6.008592239711930879e-05
7.735792003771260195e-01
nan
1.829981579187124478e-04
1.121265286422166752e-04
7.996098749684734958e-04
3.835370298988612569e-04
2.215313687503489906e-03
1.734296151691577565e-04
nan
nan
9.046676578902060209e-04
1.257989475027448197e-04
7.635307539979383070e-04
1.612826885709912460e-04
nan
7.099458040970649947e-04
5.532121634851982269e-04
4.759505321657093893e-04
8.761093801879096072e-05
3.742659215800328088e-04
1.167746147387355193e-04
6.863983883058841478e-04
5.922266956779825544e-10
3.443958299210538347e-05
3.197066841104090167e-03
1.064000811759005238e-01
3.163837253051638798e-05
nan
5.301588336127985562e-04
5.328735503375266399e-10
1.929140406641695446e-04
1.806186023621708013e-05
4.528566091430368359e-05
3.051317893812786891e-05
nan
4.051731758599131712e-05
2.011421371143290362e-03
7.534207464627389311e-04
2.684514757384874584e-04
1.800217365716097386e-04
nan
1.603836889371380500e-05
5.467722819782418111e-04
3.923088048843779096e-05
2.075880764074702084e-10
3.178338598859358974e-04
1.129118581168358392e-04
nan
2.272738685092558371e-04
1.613146686319149388e-04
2.664106161106932918e-05
9.362564868576122582e-11
1.999330048614570332e-04
1.103098327008966023e-04
nan
1.060092110031657289e-03
nan
2.645621315510184295e-03
1.197294806326165782e-03
3.284767893504756525e-05
8.493514618196518901e-04
1.732710906324292895e-03
6.057422651090776586e-03
1.000379920037425237e-09
1.263287430488605574e-03
nan
nan
1.739987930687067474e-02
7.886222402455902666e-05
6.452491937636208996e-04
nan
nan
6.486658936467217104e-04
nan
2.983140971102233136e-08
3.594579273781928805e-08
1.083688246972627268e-04
5.525847077283796785e-05
1.658780705602118616e-04
9.546894072542392425e-08
1.402613624116956878e-09
2.421093313443244046e-03
2.045751124420269068e-04
1.181755283107168222e-02
nan
2.440351094987468495e-10
3.610657966751749806e-04
nan
9.086445571713581059e-04
4.123618760558013172e-03
6.118375334330519114e-05
1.968009660283053224e-04
5.194917200528814596e-05
nan
1.569278765103937576e-03
7.603703213056134218e-04
6.378333272155916212e-05
6.220702690480520823e-10
nan
7.172140809431628791e-05
3.311800143052858348e-04
3.021898195225345947e-04
1.193031590692106769e-04
1.201306297303894903e-03
3.244600415867138297e-04
3.417962511954372859e-04
2.742916178788795374e-04
2.127984088007811407e-04
2.095416501051954440e-04
6.313336350346589907e-06
2.161593235009281008e-05
2.574567758603426085e-02
2.348339189557143054e-04
1.276330686577730052e-04
4.521773010878461741e-04
8.841426345767772264e-05
nan
3.391166694744301296e-03
3.310279156640168023e-03
3.821354608265555008e-02
7.066468126511904913e-04
1.905128850978769837e-04
3.239573543124500501e-10
1.756147585320038101e-03
1.518638876029169017e-03
4.718488184883751387e-04
2.645002879044454336e-04
9.371833780902666401e-10
nan
3.473276197768363719e-03
1.565288737927154189e-04
4.561688461259133802e-04
1.140395706276671473e-03
9.449564830510769997e-05
2.561620913235274533e-04
7.921356135727379100e-05
1.911096920807252102e-05
1.633924803835848231e-04
5.123323347975540466e-04
2.195677068839360364e-04
5.568201631322641787e-05
7.368549907517935971e-05
7.082468072917617007e-04
1.556672922005983924e-04
1.200746702218803097e-05
1.195111994094092474e-04
3.696854118233095800e-04
1.277682972992877060e-03
nan
4.353816193440922938e-03
9.275851187414314858e-04
3.112163124529961577e-04
1.219190884306036327e-09
1.878262197993133724e-03
5.377238598186214293e-10
1.327037165657462062e-02
4.676486812455372824e-04
nan
2.472348206368439453e-05
1.382127484190277312e-04
9.185010607577150012e-04
3.589959781016220219e-05
3.333144595781159340e-03
nan
1.460508774438656389e-04
2.045657775793913689e-04
nan
2.604592915473208256e-05
1.248259469140711999e-04
2.076263899498876004e-05
1.577366935740090253e-04
nan
7.604533496232272522e-05
4.059687370286843805e-04
1.758799546320605894e-02
1.176441027714866881e-04
nan
6.394482904082922836e-05
3.315538434638072362e-10
1.531447350329332617e-03
8.500561483543326918e-04
2.162275562758012894e-03
1.202288928934313529e-06
3.942979246036675510e-05
4.258100542859465083e-10
3.621065227086570711e-04
1.106098243085927301e-08
9.622477912510619917e-11
3.491397294801492929e-04
9.012675591552176541e-04
nan
9.652497149924531430e-06
4.127058726081599960e-01
nan
nan
3.103006948129475272e-04
3.876361343310884213e-04
nan
6.100811763506999198e-03
4.749847682404173717e-04
2.732193155047687744e-03
1.747348670679867502e-02
1.385575431340761721e-03
9.737448507302560367e-05
5.547434036226874757e-04
5.490732711974094385e-04
3.040099204699216878e-03
6.335448881138916910e-05
1.037313249478567085e-04
1.032063361600741855e-10
1.162075571288103510e-04
4.178154466140671368e-05
1.678963523721130184e-08
1.620886368074450438e-09
1.619739505305311082e-08
1.563427534173259166e-08
3.236483030860720955e-10
4.192939458749979131e-05
3.092057772271540909e-09
nan
nan
nan
0.000000000000000000e+00
nan
nan
nan
nan
nan
8.157002273164979591e-10
3.296575083510127599e-10
nan
1.771186549890471462e-09
8.134487463019954481e-09
nan
nan
nan
nan
nan
nan
nan
nan
nan
nan
nan
nan
nan
nan
nan
nan
nan
nan
nan
nan
nan
nan
nan
7.925555984883812433e-10
nan
2.431520121545995201e-09
nan
5.074092166275187728e-03
5.429093691497598618e-04
8.619665728245483544e-04
5.698251434426450639e-04
9.750360473422309726e-05
2.813415529396249228e-05
9.547719543961986650e-04
4.785732067658492205e-05
nan
1.610156279576007571e-02
8.432835637128969011e-04
1.867872385128417460e-04
nan
1.520526123694288228e-03
1.642049967334570978e-04
4.709105371346284313e-05
1.196244021463982200e-06
8.844427167613591003e-10
5.828711590932346367e-08
3.488333799858299888e-09
1.720434530792587144e-04
nan
3.497485464680609589e-10
5.144119866540765740e-04
3.107467799310276212e-04
8.944364765796732671e-05
2.799011807917301404e-05
5.130782032893784232e-04
4.068258008491962936e-04
nan
3.028606905577798928e-07
3.898203008810153886e-07
6.153288325495610313e-04
nan
7.614608139426144296e-09
nan
nan
1.174237141495968655e-03
1.361614709752474598e-03
7.010824470378272276e-05
9.278236682685427267e-05
1.972382056358515032e-03
3.138570582302564190e-05
2.219888775037226827e-04
1.640234368243208946e-04
5.164920993983626238e-03
2.398624403863099889e-03
1.611373622455260007e-04
1.177387265439654829e-04
4.226882642204376865e-04
6.698300706646724597e-06
nan
3.436399187763161921e-09
1.960460122705820246e-04
7.978554985758111538e-04
6.531709229835543571e-08
1.249360082254088772e-04
nan
2.925989057102880517e-04
3.972398173927116176e-05
nan
6.894026890787798405e-08
3.008246382378365554e-05
1.742061413281675310e-04
3.623271250592873459e-09
1.827076239049433677e-09
1.010920592047667406e-03
1.177158906765702381e-04
1.626355713478795260e-03
1.278750908813877608e-03
8.780456148410346255e-05
3.336167680922420028e-04
6.737422509346352277e-03
1.536511150411095153e-04
4.672026013073664785e-04
1.675809035652971055e-05
8.811611899328036096e-03
4.397198491267115261e-04
1.020509785147460675e-03
3.455498832515321969e-04
nan
3.980763878748216564e-03
3.994383491119058403e-04
9.283926269699953413e-04
4.909167899139221367e-07
6.449426999080645490e-05
1.004014358978476840e-03
7.635743806134638600e-04
nan
6.418625190477706538e-05
6.858922805479685490e-04
5.856155249703150009e-09
9.868537472991002897e-08
7.794463395704912888e-10
3.247721698064450672e-10
9.100557502780077404e-09
8.657098821001256568e-08
4.465677771474314221e-08
3.548123858490125903e-09
nan
2.142877179750314031e-10
7.413554180462588166e-04
4.174857728937878616e-04
1.542029147055722164e-05
3.923880049468464514e-04
1.215222605122554238e-03
2.129617518308407848e-04
8.708577666746264000e-04
7.375114660284755642e-11
4.384974302414863041e-04
2.555592147177128859e-04
nan
1.512189306477781893e-03
1.182767107848401827e-04
5.167023708089039070e-09
5.356627176841515913e-04
1.891540169779497901e-03
nan
2.231056573304096937e-04
8.052165588466244500e-03
7.235856430016948627e-05
2.415754992083968462e-04
6.532291002496873388e-05
1.078811404471688275e-05
1.613910931340788294e-09
nan
nan
nan
1.248443625517877309e-04
3.236180784955065034e-08
6.954560507003853273e-05
2.461651443625565172e-09
nan
2.140328249780085945e-11
4.360464416676615017e-05
1.998346216339918777e-10
1.286982087500687785e-04
2.863416493105433360e-04
3.193616323013162800e-04
1.209272348947971652e-04
1.749740330392964257e-05
8.230387628716047030e-05
3.438932550052835812e-05
1.912434574634997646e-04
2.163249966553133980e-04
4.592444400309415441e-05
1.549258741046665843e-03
4.837601978023783682e-09
nan
4.853622602530813392e-05
4.793906763430629891e-06
1.502714308596702508e-10
1.048056510595999101e-09
4.379876070201643538e-03
1.120438408531628308e-03
nan
3.894214041188097429e-04
1.728769379778695859e-04
2.798682542461327304e-04
5.439980865358053479e-06
6.562905457466044368e+00
1.550890926483635118e-03
1.332912492990000718e-02
2.496014984653323896e-04
4.149592000598922728e-04
2.925072761360912707e-05
8.269465138504326429e-04
nan
1.653658061751088525e-03
5.129927621814958790e-05
2.957892710039937145e-01
3.298881413524367237e-04
4.908004190221026096e-04
1.406912204312291766e-04
1.178992150089463065e-04
3.580327790294848589e-05
6.670779188232366589e-06
3.079195745184086811e-04
nan
5.873269684864431733e-06
3.078562187590428709e-08
3.532650881910018238e-05
4.811186962886586718e-04
2.195408856668792203e-04
1.621207432414377468e-03
3.617318903793643504e-05
4.304578819083186868e-07
4.460539311390283694e-04
4.651562016061643425e-05
2.172210033254475343e-10
6.234001685686676249e-05
1.097934273234110964e-03
5.723459632898163316e-04
nan
2.465023825985282555e-03
1.669655593172314034e-04
7.413385076634167528e-04
5.484929721835926685e-04
2.821080726370312972e-03
3.188767517708049240e-05
2.764056067913464042e-05
1.560336912941886155e-04
1.883766370690297389e-05
4.547987729544530390e-05
1.205800834649842806e-05
1.713203913611011390e-04
1.755785925520237837e-05
4.439679127437456468e-10
6.116965282251944939e-04
4.095543891135277649e-04
3.729610329673855446e-04
3.578350503108608700e-04
1.005463134668056497e-03
9.226372804068944111e-02
nan
nan
3.325322429603300980e-04
3.590189000968792895e-03
3.660652183898595812e-05
1.102268492238497817e-04
2.251101608541412771e-04
7.953559530965873068e-04
5.020782060000464342e-05
5.051644781569238689e-10
1.905979249719740042e-06
5.934668422682888255e-06
5.430711025649920948e-05
1.121068329167068650e-04
7.493143239755467502e-04
nan
1.460641391484926986e-04
7.744749785492725217e-05
9.863450965306912264e-04
3.354302168631487007e-04
9.576011292745290244e-05
1.578476778850134712e-04
7.871760979928468013e-04
5.427266738725602859e-04
3.332530059136863047e-04
1.388695040537740177e-01
5.934478938397216245e-04
8.113323660371624438e-05
5.118877104427004915e-05
6.085041336497309852e-04
2.790977446562997993e-04
6.150365947255626454e-04
1.641885072485258727e-03
8.904850316149691414e-02
4.074622032358977863e-06
nan
1.956841462113190449e-04
nan
4.960515707811382399e-04
8.067026129771705028e-05
7.997728610268561768e-04
5.051143669868456186e-04
2.251072778933220061e-05
1.425865110700623149e-08
2.192331263646576088e-05
5.813673714265623097e-04
2.718214329772908333e-02
2.619981023368563554e-03
6.360318211391729429e-04
7.949214203229915555e-04
nan
8.968649053604259899e-04
2.072550213342883672e-05
1.195243766545101152e-04
1.033161292310451340e-04
2.446234776160624959e-04
1.560423688211807223e-03
1.170170925655619407e-02
4.042178791281909357e-05
4.830715925633856378e-02
4.437025429742173744e-04
1.273600410799605436e-03
1.732915407263117672e-04
8.908911636728534199e-05
3.004194980968998376e-04
1.326682266988462298e-04
7.413007610101914622e-05
6.466547687881326126e-03
6.405781614836737010e-04
1.877844728489936168e-03
4.713949152157346123e-04
9.938816634581271470e-09
1.717839602243450154e-05
5.219604629365318246e-05
nan
nan
nan
8.556153956524154941e-10
nan
1.104641707292757332e-04
nan
3.330793554230792632e-03
7.578721173549452066e-06
2.562842387137836597e-10
2.312880685506096183e-04
2.158760106252098773e-04
5.483823940584097454e-04
5.754853144904424194e-05
9.826541592991703590e-05
8.038069705844991459e-05
2.928314072825055343e-04
1.039466167292198064e-03
2.896134616254916937e-09
nan
nan
nan
nan
nan
nan
nan
0.000000000000000000e+00
nan
nan
nan
2.985977031789591667e-05
2.744361112384461070e-04
3.417362957916924327e-10
2.081011960328465853e-03
1.571142381200149986e-03
2.995457815726722695e-04
nan
nan
2.862072927895066132e-03
1.719913021027300124e-04
1.196045814939376796e-04
8.550062967161226523e-04
1.048923917422445575e-04
5.717660520427910377e-10
7.456835988410443210e-05
1.496685453967555705e-10
4.206934063680293741e-04
5.202397319559167935e-05
1.012646269336199036e-03
7.205156464699606210e-05
nan
2.002914661916501137e-05
2.372098416891851717e-04
3.173144615722895768e-05
1.064580716999573946e-03
3.394290285386688025e-04
2.325274565349503652e-04
1.771485191916149582e-04
2.745369174956859614e-05
1.676774692670022647e-04
2.276904366413780127e-05
1.710304456498801923e-04
2.566376643667261474e-08
nan
4.216567245155204978e-05
3.686074810332271430e-05
nan
8.511050429367393458e-04
4.573891750854780502e-02
3.606014602334125770e-04
7.976609473259276396e-05
nan
1.135600482770937928e-04
2.146820400583691063e-05
4.820094059177599914e-03
2.349302718277984127e-03
1.615336523025801148e-04
2.073044824135521994e-04
1.667717389103780647e-03
1.775520916818965414e-03
1.739269844701992173e-10
1.659830569677188178e-04
nan
nan
1.116398160318721135e-04
1.564645157422565576e-03
9.056455299656726446e-04
5.037597433057509335e-04
3.218367338401230133e-05
5.200405587798564433e-01
9.331150985384523405e-05
1.561199405316470313e-04
1.452085439175225399e-10
5.755202305101327293e-04
1.645504982903103552e-05
5.403257105185960135e-05
1.787482397755780380e-05
1.965269879522186050e-04
5.924965330535211235e-05
1.195528619114595049e-03
1.700938772519640634e-03
4.632583470839525368e-04
1.488166831101045973e-01
nan
nan
1.669200930610614350e-05
1.980817346591873018e-05
1.051585737609991161e-03
4.129271869522639245e-10
5.760759030650262989e-04
3.328400576043444629e-04
4.100950447846332843e-03
4.587519345407794244e-04
2.313163870417103327e-04
1.570938269500052721e-03
5.294303083407130337e-06
2.058130007223654754e-04
4.948981884269450986e-05
2.072897008385164597e-05
1.725714108799499620e-04
1.307787823272279159e-04
nan
3.088257767734630278e-04
nan
1.158941075408962442e-04
1.504513843873096746e-04
6.183275547577027787e-04
nan
3.281544257456190869e-05
1.261345956587081472e-10
5.429378036598429630e-11
nan
3.768997091262579421e-05
nan
2.682682765172971244e-04
2.696915031057985887e-05
6.994461111083980875e-05
8.565213343939966583e-05
9.859691189131531471e-04
1.709184286313995718e-04
2.921614098700492552e-03
6.620120643989440071e-03
4.860847030706756970e-04
nan
nan
nan
nan
9.335789628180036543e-06
1.081119494344912838e-03
5.151845369570312669e-04
2.814272669589544550e-04
1.059041000660448814e-04
5.602022815878560878e-05
1.006529043315800313e-03
2.471419193107102298e-05
1.830241774814982819e-03
2.909831232874793896e-05
nan
9.373831981834413038e-04
1.327019923526724958e-03
1.760780326924932747e-04
4.072396050393329095e-03
4.447636929338499856e-04
2.217152065749374069e-05
3.473296990799313753e-04
5.225635601523448686e-05
2.451663588498916458e-04
5.898997478231717256e-04
2.506619999502511000e-03
nan
8.746208427527043172e-04
3.931056218186934170e-04
1.052699897653200942e-03
5.331690730959078896e-03
2.795888336491931486e-08
3.907630571567590204e-05
6.107695523891120380e-04
7.626190668579652067e-04
2.538825277845251777e-02
9.854233087567612886e-04
4.997374975956340656e-04
1.821882281032113915e-02
1.108023678037810007e-03
1.980605297695898643e-07
9.795109061074883626e-04
5.269882900717125706e-04
2.991089190100144879e-04
nan
8.660306334957781882e-05
3.491752123958721032e+00
2.193741471671053263e-03
1.940053857467730460e-03
1.048595218046076270e-04
5.264761537134436719e-04
3.587381735146407183e-05
1.196814668629225375e-03
1.259097840890741060e-02
2.335854616394727361e-04
4.330438193340900295e-05
7.587271717812997442e-04
7.634651343625411223e-04
2.681769864941837878e-05
2.059361992937094055e-05
2.642580970447462249e-04
2.792558671874466976e-04
6.610670279901309835e-05
nan
nan
9.820956902425539720e-04
1.474107878200548523e-04
1.179030441944995755e-03
3.673207411028225292e-04
4.678850432236090692e-03
2.093108002625803713e-05
4.559289975050567203e-04
2.585826270885675814e-04
4.630878579528465095e-04
5.228081121545930258e-05
5.098729792642034452e-04
6.980722241037820748e-04
1.045282252597089950e-10
4.300520233098264070e-10
5.100733335481361531e-04
2.734452200377065264e-03
nan
nan
nan
5.397333642150135401e-04
3.781287064685692598e-10
6.312562642757306008e-04
nan
nan
1.563855272252203266e-03
5.190943711334201124e-04
2.011272823322057921e-04
8.324645038124429269e-04
4.919516627024382203e-05
2.056857464869367449e-05
1.717693667418732540e-04
1.342462016323260447e-04
nan
nan
1.201006230678562799e-04
4.873769605871011582e-04
1.784662600374092465e-03
5.340118382392515907e-04
1.795927958770357274e-04
8.747692519384791591e-06
6.589190109440204272e-04
5.655849519627959433e-05
5.636730437983463252e-03
4.090714603713904783e-04
5.118948376899958713e-02
6.709598108359837373e-03
9.922056549735169286e-05
7.764984805417069359e-04
1.439219137019178709e-04
nan
1.131367013310209321e-02
nan
nan
2.644915698412545479e-01
nan
1.417013044740981489e-03
4.324037279950679964e-06
1.322037504470194216e-03
1.428664632296592317e-05
6.309401043914834948e-04
nan
2.133083288304062075e-04
7.126737799816985441e-05
5.234113147358301649e-04
nan
nan
9.266534483224645808e-06
2.659556752808255389e-03
2.438888238017038280e-05
2.723982190509190680e-03
4.540638704760128238e-04
4.191612333391469213e-05
7.676162190343291305e-04
nan
7.549770832339026993e-05
8.225205406543428343e-06
1.846266731056196968e-03
1.839798445358095322e-02
1.213177068784262129e-05
nan
nan
nan
nan
nan
nan
7.850616084933637528e-04
4.361989946110966625e-03
9.003231065807493997e-04
nan
1.093843518745119502e-03
nan
1.315965300315381174e-03
3.929857906736005052e-05
2.914371164243663610e-03
5.070015179015591178e-03
2.410612809219492107e-05
6.766299148212061092e-05
nan
2.875657580952684176e-03
nan
nan
2.876501448044183193e-04
1.813819427295835693e-04
3.015618268545638709e-04
2.990104364348455422e-10
1.630379733174974113e-09
2.020552027772999046e-05
1.058562917107635202e-04
nan
nan
3.468161698958081504e-04
6.667128071694354259e-04
nan
6.253787841401030030e-04
4.307151652333371730e-03
1.271902808147558686e-04
1.928558049936283242e-02
3.455205270745834536e-04
6.761498811413139054e-05
1.757245237800891553e-03
1.915407689892996510e-03
1.801870553208933384e-02
nan
3.252654672148694781e-04
1.497480347795382806e-03
nan
nan
1.351875145674156717e-02
0.000000000000000000e+00
nan
nan
1.350149158088840858e-06
nan
nan
nan
1.714812794739259828e-04
2.718928895299783000e-04
nan
2.080075466973938599e-04
nan
6.189510294868248372e-04
nan
nan
2.463520606735841874e-05
nan
3.252486952066569045e-05
nan
nan
6.198022831788956152e-04
nan
nan
1.709589446708281767e-03
2.853055833233105734e-04
nan
6.402338284015549887e-05
nan
nan
1.052818042255110071e-03
4.155751643667497620e-04
1.499963577114343379e-05
5.693508409967277042e-04
6.574441044511795621e-11
7.484138397509321021e-03
3.295501817099212303e-10
nan
nan
2.178113740154470775e-04
nan
4.999102720369297953e-02
9.265322766290089640e-04
4.988898867036346710e-05
1.874642125018176353e-04
nan
1.479081181590435380e-04
1.068059772589781973e-03
5.818230415040545958e-03
nan
nan
1.329469589013699326e-05
nan
nan
2.356173491973478917e-03
1.410509764050390559e-03
nan
nan
8.936952720436976963e-04
nan
nan
nan
1.146695156895210718e-02
nan
4.864078713034195305e-05
4.241385400205258252e-05
3.033729152270820849e-10
nan
2.302414561434687880e-04
8.513707250740432889e-04
nan
nan
7.734914391166166150e-05
2.237528612762315966e-05
1.253115247999607245e-04
nan
2.211172765859483868e-03
4.360249640594751619e-02
2.124780330785909672e-05
1.244108659498463986e-04
8.007698457900994191e-04
7.256719862360458450e-04
nan
nan
4.714388835400230675e-04
2.324401856410128876e-04
3.310613026119284697e-04
7.072817511331763326e-10
9.807601192892300215e-03
nan
nan
5.898721800592467753e-04
1.402097963325454498e-04
2.138196720119921526e-02
nan
nan
1.103002524361751103e-04
7.929518777634837691e-05
nan
3.923883961136466828e-04
9.676958176893751003e-11
nan
nan
nan
nan
nan
nan
6.378032589330034485e-04
nan
nan
2.298662568821778669e-03
1.950016717132069060e-04
nan
nan
7.626494832504649357e-04
1.576943322316364329e-04
3.843845248609430219e-05
5.840643283005954138e-03
nan
2.332273626311841903e-04
3.564533164492592347e-10
nan
1.337855626507511659e-04
2.350310252777044562e-04
nan
3.446724000412444569e-04
9.238692159411703952e-05
nan
8.415974356694331734e-04
nan
nan
1.382184477411949335e-04
3.758289042507387840e-10
1.013205361821342947e-04
1.704655778701579579e-03
4.267452221830843979e-04
1.985092625212373893e-09
1.369713933861541641e-04
4.908339980201932703e-04
nan
1.566099783627911092e-04
6.180281112516593190e-04
6.289847905379889869e-04
2.126345583322900371e-02
7.208246536720501994e-04
1.387221811241793256e-03
1.146346044194193788e-03
2.117933190926904810e-02
4.341921258176712292e-05
nan
nan
3.333262564380682627e-04
1.298476863619903903e-03
3.823825935127752348e-04
1.059012932574563163e-03
3.515438536673696411e-05
8.953917970395042138e-04
1.135204450224116786e-03
9.871363392548353818e-04
6.545780016878387318e-04
6.658468602244392825e-05
nan
8.169757273615866006e-04
1.796594283167201537e-04
9.407519191333510126e-11
5.328705800283462749e-04
5.817033185278072227e-05
1.844335615352113024e-10
2.509420090631399249e-04
nan
nan
4.276417324916469078e-04
2.225330123632111141e-04
9.768877469144043087e-04
nan
nan
4.110603486969098726e-04
nan
1.114175581853762238e-04
5.529676984084872047e-04
1.494629433955858258e-04
2.972855633561340496e-10
7.636446696895519910e-06
7.820597746165742543e-06
9.400591537662313893e-05
nan
nan
8.478318028937061180e-08
nan
4.848527287074956520e-10
nan
nan
nan
nan
2.611267213259288580e-05
2.398308398212252706e-04
nan
nan
nan
5.667568439518340558e-04
nan
2.390559978456617920e-04
1.457869706427701150e-03
nan
3.847600546733506949e-04
nan
2.198914893012614049e-10
nan
nan
1.318156269593067612e-04
4.883673202055698395e-03
nan
4.946264959564609758e-04
nan
8.133552525504126381e-05
nan
nan
4.402582815554361394e-03
1.144803420624182142e-10
1.538813661676175859e-03
7.002139939268718797e-11
2.441535337794147574e-04
8.612228634826355476e-05
nan
2.428603991662562440e-04
9.514352484057842104e-05
1.406405165108015479e-03
1.049918951813684021e-04
nan
nan
1.058845303919522053e-04
1.988527246881992196e-04
9.485358256179364012e-05
9.802542216099752268e-05
1.439345481165569651e-04
9.192355855598925837e-04
1.383705434882834761e-04
1.669774058733636615e-03
nan
nan
4.013204560872968220e-04
1.522482423319327695e-04
5.626143630928771936e-05
1.895035201614707777e-03
4.451948197416039088e-04
1.533221898892686230e+00
9.123725501558349604e-03
4.477609414077480436e-04
3.764859010046146923e-04
4.308048833993892478e-04
nan
3.290119863873828361e-04
1.076607735198615353e-04
4.460647397766654939e-05
3.789966820099130099e-05
nan
2.203141208922695482e-04
5.259155711663873614e-05
4.917313266926867090e-04
1.010140686615647071e-04
nan
nan
4.640654761878145775e-03
2.060005398349804803e-10
1.289849876139179540e-05
1.027399725057297642e-03
9.871618317391357526e-04
1.271715069927601121e-03
4.891675405250189368e-04
nan
6.070939494764303768e-04
nan
2.686309755197830167e-04
nan
1.046839514420794736e-04
nan
3.454127640507466407e-05
1.071842375403159013e-03
1.984045530915433289e-04
5.306147812777753565e-05
2.555410012128974518e-10
2.853308393423937997e-04
4.289281639340403304e-05
2.263691836020101963e-04
3.207762701374682144e-03
9.594061407169224851e-04
6.231877239287479295e-05
1.802657336314467530e-04
1.370944500571861114e-04
7.633632835055136100e-05
4.713740364123492760e-03
2.281644502947199611e-04
2.616295252884311183e-04
2.649408528316144103e-03
nan
nan
2.117848167560392077e-03
4.667709538732986799e-10
nan
1.366712252664274898e-10
9.162988197396424475e-09
2.402913148478517791e-10
1.137270548548348558e-08
2.747368489869096486e-09
9.073705513318204571e-09
nan
2.381118034879443883e-10
2.382898563669770562e-10
nan
8.080298005302767502e-06
1.480540708041566482e-04
nan
1.240374233015378294e-04
3.477244248929841585e-10
nan
5.955066315113044994e-04
2.790367356250172026e-05
5.520141655140651265e-10
1.524861357556092111e-05
nan
4.434273102543340866e-04
nan
nan
4.539552257703568204e-03
9.922729871058857617e-05
6.456277338136195325e-04
1.463392126093352244e-02
3.079050248370570806e-04
4.712449073936520885e-10
1.011127152634553987e-03
4.491893597366323809e-05
1.180654348828404478e-04
3.879838739139325411e-04
1.336308909841791128e-03
5.325585143400532540e-06
nan
1.562392968809164700e-05
nan
2.437368611973221941e-08
2.209486166029763323e-04
1.617375967743926658e-04
1.114866877766094565e-03
1.439599938148421426e-04
3.932261437193564492e-04
1.331747722171147251e-04
2.365322590858946023e-04
4.491715146135150767e-05
5.980471184803891537e-09
2.278684371060566799e-05
9.532182452994100502e-05
nan
nan
1.608808804239545711e-04
nan
7.863302741048840963e-04
4.167596443268533452e-05
2.993459458995506497e-04
1.485739365013929265e-03
4.695321044918469681e-04
nan
1.072700638524741381e-04
4.286443176263777253e-04
nan
3.818187047991592938e-06
4.989466545772318037e-05
1.530885456530900557e-05
5.677775750564002816e-07
5.579424192011489102e-04
nan
5.564330626997896455e-04
nan
2.119629519097663715e-04
4.978028309016667083e-03
9.508233036311386781e-05
7.245089117861770603e-04
3.922436842461239452e-05
nan
2.239428464576180328e-04
1.220728127749621129e-04
6.636802052248264331e-04
9.637042180231115149e-04
nan
5.543552888129948258e-03
nan
nan
nan
9.824058487696689390e-05
nan
4.701153672530393208e-05
2.006029919240706876e-04
1.445211078567946118e-09
2.831152778580674624e-04
5.081727251215158777e-04
nan
7.977755707568649074e-03
nan
nan
1.536190184903330380e-04
nan
1.694810683665967741e-03
6.648236802241256575e-04
3.584787786086425314e-04
nan
8.370234214386820196e-05
1.672133263180881945e-03
nan
1.656955364087584674e-04
2.825925980750276746e-04
3.579592708578552968e-03
6.132567749858578343e-05
nan
5.503380183456346107e-05
2.339850734674221644e-10
nan
2.343065626127331105e-04
9.549766494541804703e-05
5.564912689195997998e-04
nan
nan
4.906175843631935176e-04
nan
2.297244832817008298e-05
1.826808420008051203e-03
3.588033090231187757e-10
3.001838174058966946e-04
6.326638527148009748e-05
7.657996152317734628e-04
2.881027521313014479e-05
1.790835661403432030e-04
4.362576017131843857e-04
1.365026488219344813e-03
nan
1.370384400051257844e-04
nan
nan
3.579683790096642551e-05
nan
3.073445889393913147e-10
3.116601468239879797e-04
nan
nan
nan
5.549617610994345357e-05
4.092503738373493710e-02
4.289389524979547686e-05
9.467776399999154146e-05
2.748932406401674187e-04
nan
nan
nan
nan
7.148825878842739125e-05
nan
nan
nan
nan
2.871721848883133937e-05
nan
7.448577822894125299e-04
5.444101616821220638e-04
4.684626436057510930e-05
2.761800984308150284e-02
3.046600804421617211e-04
nan
1.336912533555704077e-05
nan
7.986938703319132601e-04
nan
7.963943655576243919e-04
1.305067998772410892e-04
1.681539578925988733e-05
nan
4.872032325853602907e-05
1.040559133369092825e-04
6.410848269042198917e-04
2.595826811129841108e-03
2.903272459754746576e-10
1.986064728360722054e-04
nan
nan
2.790706550793413201e-05
nan
nan
nan
nan
nan
nan
7.940609700264729615e-04
nan
nan
6.585741157279342752e-04
nan
nan
nan
8.832429239097790976e-04
nan
nan
8.925196237532361388e-05
3.838584227097998854e-04
2.446559323796318702e-04
nan
nan
5.406796794991811702e-04
nan
nan
5.162686598763454104e-06
8.173855540701388447e-04
5.914879864472402139e-04
4.572068702874480197e-06
5.493161083767191167e-10
3.336339020506083445e-05
2.546060062996376942e-03
1.683272607678365398e-04
5.006690802099058018e-04
4.803233882252195658e-05
nan
nan
4.945585750375175525e-05
7.353254184871942231e-04
7.585526939085526337e-08
3.910947187024674189e-04
1.216534474969151972e-04
1.776739058638645966e-04
9.855962560989027055e-05
5.765789114664496192e-05
2.151612601011069212e-04
9.414419496012693823e-09
nan
nan
8.914559700499908364e-04
1.407796175937891213e-03
1.769827899090369778e-10
2.450882905309488306e-06
3.674681367239032216e-04
5.297689617202203745e-05
1.121676476832399573e-03
2.244958606730931632e-04
nan
1.388074317808004460e-04
5.033082731462784360e-04
7.538267217342282923e-05
nan
8.154012663800164554e-04
nan
nan
nan
4.914867959855379921e-03
nan
nan
nan
4.919161129367473351e-03
3.858073548122210457e-10
3.081335608924288150e-05
1.697696236312843917e-03
1.207176725328304055e-03
nan
4.477868851871733826e-04
4.993351573252554242e-11
1.880997625808066367e-04
6.360401353023945482e-04
6.249350498489776949e-09
nan
2.688203187996616559e-10
nan
9.449867626428720127e-04
9.813720294892100057e-06
nan
5.658622343529323348e-04
2.003013297173826339e-04
1.511127743845135140e-03
nan
nan
nan
1.889739168341824890e-05
nan
3.666619776274542561e-04
1.984215615264454892e-04
1.894062444529861361e-02
1.066248236587220654e-04
3.521913932136590242e-04
nan
7.873367229528326614e-05
6.836498644513866358e-06
1.794299789416044753e-04
7.521457287594144132e-06
8.677211717281942279e-05
5.262252687445105430e-04
4.583260877122387275e-10
6.629959386765011910e-10
nan
3.267449354834569891e-04
1.028299391783620400e-03
2.535075681826543301e-10
3.334158414415677816e-04
nan
8.600552317315792589e-03
2.317909498722135200e-04
nan
2.073471956306040340e-04
nan
1.936096038002494053e-05
2.857820846771618112e-08
6.198374434250695933e-04
nan
3.744844587996968167e-04
5.736855327639558836e-04
4.889818698798026157e-04
1.353933576398149785e-10
nan
5.312667890190806135e-04
nan
nan
1.926964168832716705e-05
nan
nan
nan
5.032425910249151157e-05
6.035172609139621228e-04
1.116970053843458670e-04
nan
3.006624085530706057e-03
6.883832679416138686e-04
2.267639228714432977e-04
nan
7.226937119678778290e-04
6.223888668817200970e-09
4.643671786643044418e-05
nan
nan
5.223883225225397568e-10
nan
2.424774031667955437e-02
8.536339139703117557e-03
1.816348096993438581e-04
2.201780514867286768e-05
4.923083820953962336e-04
8.321036151698141222e-08
nan
nan
3.016453436247686949e-03
8.103446785368308543e-06
5.675864067483800098e-04
nan
nan
nan
nan
nan
8.749070411688388092e-04
6.343910132874038292e-04
nan
1.708722404513967220e-03
3.728063268505402801e-05
4.300175546251448419e-04
5.537752894506012399e-05
4.915904161788633387e-06
2.297060019611505744e-04
1.033976094839016450e-03
nan
4.380146614968911588e-10
1.117054772408503997e-09
nan
8.695449328659048387e-04
1.867614651667711193e-04
1.199883923611998591e-09
nan
3.350654062979905364e-05
nan
nan
3.627797912361013007e-04
5.569889935684504473e-10
1.283541903930665855e-04
2.603853623508243890e-04
9.716683062023773318e-04
1.247906476709522349e-03
nan
1.128198760717829507e-10
2.093838147497844890e-05
1.406126690566372218e-02
2.226706326562303087e-04
1.082629546157267081e-03
2.941083778816817328e-05
nan
2.543445881584327321e-03
4.842399109441219702e-04
2.527482015008611490e-04
5.518324945914898589e-05
1.129427755896066435e-02
7.253713489724664207e-04
7.435919521788206428e-03
nan
1.089986946139488000e-04
1.260148535007812843e-04
7.802023861004905009e-11
4.050335477223265693e-05
nan
1.408624071234555069e-04
8.030039398792082031e-05
2.934087518795176311e-05
7.640412499020080212e-05
nan
5.070080974001075839e-08
7.990293611865951010e-04
4.479792846851990136e-04
nan
1.319315154481322166e-05
nan
8.913876106612846637e-04
3.536751054151648174e-10
5.460358636642910436e-05
3.144597012109990087e-10
nan
1.404944945496872186e-03
nan
5.125424683057453650e-04
1.266108734793431722e-04
1.460911942267469304e-04
2.410617810198529052e-05
nan
1.401120957514517601e-04
1.064606525077549859e-03
1.412645375596815224e-07
nan
1.879252520041412441e-10
7.431481785273962276e-11
1.675258474426191365e-04
nan
nan
3.386431309906022796e-05
5.144743272077948024e-05
6.839837688815588856e-05
nan
1.394949990952283592e-04
2.789324753738879638e-10
nan
1.394146118591882378e-04
nan
4.309770441768594673e-04
nan
nan
1.181039300845692210e-04
4.236703593935954376e-05
nan
2.873663805588517919e-04
nan
1.537326503668300364e-04
nan
4.825018989360251801e-05
2.735627837930675391e-04
1.487254363925927399e-04
6.982740805038119801e-05
2.009201824845839156e-03
2.008994717074389941e-04
9.734560338257194456e-05
nan
nan
nan
1.175234978763067979e-04
nan
7.774451642170644337e-05
1.490341974544849048e-02
6.533435738499839695e-10
4.174518695004086834e-04
1.233107011488872848e-10
9.764228406816636164e-04
1.470274810851122179e-04
1.819865883439524597e-03
4.403667041560985337e-04
nan
1.723497716137356497e-03
7.046264799206393339e-04
2.314816997879740514e-10
2.190865478420461791e-10
2.649080061751318089e-04
nan
4.876471134480514243e-10
1.133844176749827119e-10
1.432290944230432100e-05
nan
nan
5.563496337137507821e-04
4.688229370644152850e-05
5.834050599749080464e-08
nan
9.953348847941685500e-04
2.211360285298430981e-04
4.681273990884223424e-04
nan
2.595350993278932694e-04
3.878512873631177575e-03
7.943204822888057663e-06
4.084604427213495191e-04
4.607065474000027354e-10
2.418446395805077474e-05
nan
nan
9.767373136219379984e-11
nan
2.973182051392481055e-07
7.905724731898110725e-09
1.785489594159991866e-02
3.780538573482316683e-05
nan
1.923587735167503055e-10
3.633897081994268228e-04
1.557038287340579779e-04
2.701167234131132401e-05
4.071916702528983871e-11
nan
nan
nan
nan
nan
3.409175165046777860e-03
1.355182524632619163e-03
3.346119119824774905e-05
nan
6.035794955954260771e-03
nan
3.198078769957163597e-04
9.227465166292922807e-03
9.111982464813448822e-04
3.684875144515767950e-04
nan
4.902253245191022456e-10
6.697664158304941404e-05
6.054335029289558074e-05
nan
2.907444880828735938e-07
2.160781205864595463e-04
6.697404045519444381e-10
3.770127776151224687e-05
nan
2.276628240293879662e-06
5.539983252747530000e-07
1.606697787867126713e-07
4.653871307386857058e-09
1.804979872745022588e-09
6.164719263149596474e-10
1.393796324273220436e-07
1.156951731145739110e-09
nan
2.732135339575869279e-04
4.430245669145732763e-10
nan
nan
nan
nan
nan
nan
7.332728109368734609e-05
1.737556226243254482e-05
1.831054951941222825e-03
nan
nan
5.732752420436039529e-04
8.572731326005858694e-05
nan
3.550858561188498145e-09
nan
7.894835505555490573e-02
7.455923646384293897e-03
4.553105059549492337e-10
4.733851594959481712e-09
nan
nan
4.097642850687095934e-05
nan
2.595843669258895070e-04
1.640949467938075169e-04
5.198937274809638199e-04
8.332780854668454199e-04
4.966748443414893124e-04
1.412199004351440482e-03
1.786720146513184611e-05
1.488137553327833693e-03
nan
nan
nan
1.201328856377374728e-07
3.675745753061739171e-04
nan
4.925225837943052410e-05
nan
4.982707932208944434e-04
1.016121119951450286e-03
nan
nan
3.021504978677087014e-04
nan
2.851441201092085306e-10
1.502116230999207564e-04
3.284167356102589826e-10
9.614704375376207941e-04
3.726071458467066790e-04
2.802149595438520194e-04
6.108775479096454610e-08
4.999883178914594779e-06
nan
nan
7.475030490135775411e-04
nan
9.092247991109636334e-04
nan
8.553455578376873951e-11
4.425438651617275997e-05
1.888806157606850024e-04
3.161794000130412810e-10
4.176601970565484571e-10
3.181864657042176811e-04
7.822797186499105634e-08
7.585918297747453268e-10
2.757761208159694626e-04
nan
8.748575919946004653e-05
1.145090212217064255e-10
5.536468044608483909e-04
2.011375176369602225e-03
6.595228819206455401e-05
nan
1.141655021545675500e-04
nan
6.513382830414039815e-02
7.756640404752430224e-05
1.579224099708617012e-10
nan
2.285681962585652915e-04
1.706869284761834971e-01
5.942090321238312828e-10
8.072159473595625582e-04
1.435022007013726179e-03
3.542884177291180268e-04
nan
1.560166851290846420e-05
6.236983208693734203e-05
1.268348413801451058e-10
3.181116311803419239e-04
2.480117922684946458e-04
2.952982886984803008e-05
nan
1.344625496819321801e-10
7.577303607323343819e-04
1.729649941336883605e-05
3.834618042838412646e-03
4.419531692579494725e-10
6.638092211810042457e-11
4.225191997290638629e-03
2.464346391248151569e-03
3.502276340536762548e-04
1.234139308117141376e-03
2.859938869099015905e-05
nan
nan
nan
3.353801674696985541e-05
1.933726970633874468e-03
3.045605666399689936e-04
nan
2.068015105719087001e-03
7.747628604004236380e-07
2.480518805016240226e-10
nan
nan
6.393974485426228479e-04
nan
nan
4.071849067382708352e-04
nan
nan
1.579391049887677190e-03
2.070847837816895513e-03
