   3600.0000000000            0.0000000000
   3601.0000000000            0.0000000000
   3602.0000000000            0.0000000000
   3603.0000000000            0.0000000000
   3604.0000000000            0.0000000000
   3605.0000000000            0.0000000000
   3606.0000000000            0.0000000000
   3607.0000000000            0.0000000000
   3608.0000000000            0.0000000000
   3609.0000000000            0.0000000000
   3610.0000000000            0.0000000000
   3611.0000000000            0.0000000000
   3612.0000000000            0.0000000000
   3613.0000000000            0.0000000000
   3614.0000000000            0.0000000000
   3615.0000000000            0.0000000000
   3616.0000000000            0.0000000000
   3617.0000000000            0.0000000000
   3618.0000000000            0.0000000000
   3619.0000000000            0.0000000000
   3620.0000000000            0.0000000000
   3621.0000000000            0.0000000000
   3622.0000000000            0.0000000000
   3623.0000000000            0.0000000000
   3624.0000000000            0.0000000000
   3625.0000000000            0.0000000000
   3626.0000000000            0.0000000000
   3627.0000000000            0.0000000000
   3628.0000000000            0.0000000000
   3629.0000000000            0.0000000000
   3630.0000000000            0.0000000000
   3631.0000000000            0.0000000001
   3632.0000000000            0.0000000007
   3633.0000000000            0.0000000050
   3634.0000000000            0.0000000320
   3635.0000000000            0.0000001839
   3636.0000000000            0.0000009548
   3637.0000000000            0.0000044841
   3638.0000000000            0.0000190638
   3639.0000000000            0.0000734020
   3640.0000000000            0.0002561183
   3641.0000000000            0.0008104467
   3642.0000000000            0.0023277753
   3643.0000000000            0.0060750754
   3644.0000000000            0.0144250849
   3645.0000000000            0.0312126912
   3646.0000000000            0.0616654530
   3647.0000000000            0.1115083918
   3648.0000000000            0.1851159334
   3649.0000000000            0.2831970453
   3650.0000000000            0.4011194110
   3651.0000000000            0.5290454030
   3652.0000000000            0.6542672515
   3653.0000000000            0.7648711801
   3654.0000000000            0.8530273438
   3655.0000000000            0.9164393544
   3656.0000000000            0.9576137066
   3657.0000000000            0.9817597866
   3658.0000000000            0.9945651889
   3659.0000000000            1.0007271767
   3660.0000000000            1.0034414530
   3661.0000000000            1.0045630932
   3662.0000000000            1.0050266981
   3663.0000000000            1.0052462816
   3664.0000000000            1.0053838491
   3665.0000000000            1.0054967403
   3666.0000000000            1.0056039095
   3667.0000000000            1.0057111979
   3668.0000000000            1.0058201551
   3669.0000000000            1.0059311390
   3670.0000000000            1.0060429573
   3671.0000000000            1.0061541796
   3672.0000000000            1.0062639713
   3673.0000000000            1.0063709021
   3674.0000000000            1.0064748526
   3675.0000000000            1.0065774918
   3676.0000000000            1.0066822767
   3677.0000000000            1.0067970753
   3678.0000000000            1.0069223642
   3679.0000000000            1.0070408583
   3680.0000000000            1.0071325302
   3681.0000000000            1.0072250366
   3682.0000000000            1.0073881149
   3683.0000000000            1.0075987577
   3684.0000000000            1.0076378584
   3685.0000000000            1.0073286295
   3686.0000000000            1.0069894791
   3687.0000000000            1.0073736906
   3688.0000000000            1.0086829662
   3689.0000000000            1.0096547604
   3690.0000000000            1.0084042549
   3691.0000000000            1.0049527884
   3692.0000000000            1.0026417971
   3693.0000000000            1.0056635141
   3694.0000000000            1.0139834881
   3695.0000000000            1.0209757090
   3696.0000000000            1.0178824663
   3697.0000000000            1.0026173592
   3698.0000000000            0.9848053455
   3699.0000000000            0.9806712866
   3700.0000000000            1.0000000000
   3701.0000000000            1.0353472233
   3702.0000000000            1.0634483099
   3703.0000000000            1.0598640442
   3704.0000000000            1.0173350573
   3705.0000000000            0.9545826316
   3706.0000000000            0.9082872272
   3707.0000000000            0.9121334553
   3708.0000000000            0.9753648639
   3709.0000000000            1.0739446878
   3710.0000000000            1.1602478027
   3711.0000000000            1.1865950823
   3712.0000000000            1.1300528049
   3713.0000000000            1.0053579807
   3714.0000000000            0.8598332405
   3715.0000000000            0.7538092136
   3716.0000000000            0.7361745834
   3717.0000000000            0.8247683048
   3718.0000000000            0.9979352951
   3719.0000000000            1.2000067234
   3720.0000000000            1.3599539995
   3721.0000000000            1.4175801277
   3722.0000000000            1.3467011452
   3723.0000000000            1.1644537449
   3724.0000000000            0.9227372408
   3725.0000000000            0.6878948212
   3726.0000000000            0.5202269554
   3727.0000000000            0.4616394639
   3728.0000000000            0.5314015746
   3729.0000000000            0.7245020270
   3730.0000000000            1.0090630054
   3731.0000000000            1.3259649277
   3732.0000000000            1.5977848768
   3733.0000000000            1.7500435114
   3734.0000000000            1.7377790213
   3735.0000000000            1.5632919073
   3736.0000000000            1.2739731073
   3737.0000000000            0.9411548376
   3738.0000000000            0.6325679421
   3739.0000000000            0.3933430612
   3740.0000000000            0.2429741025
   3741.0000000000            0.1851509511
   3742.0000000000            0.2210499346
   3743.0000000000            0.3566825092
   3744.0000000000            0.5992445350
   3745.0000000000            0.9436251521
   3746.0000000000            1.3566393852
   3747.0000000000            1.7705413103
   3748.0000000000            2.0950577259
   3749.0000000000            2.2471036911
   3750.0000000000            2.1845607758
   3751.0000000000            1.9249261618
   3752.0000000000            1.5373479128
   3753.0000000000            1.1128563881
   3754.0000000000            0.7301667333
   3755.0000000000            0.4342840314
   3756.0000000000            0.2343603671
   3757.0000000000            0.1155076697
   3758.0000000000            0.0544639863
   3759.0000000000            0.0317048356
   3760.0000000000            0.0380479768
   3761.0000000000            0.0773300529
   3762.0000000000            0.1667355001
   3763.0000000000            0.3340709209
   3764.0000000000            0.6093150377
   3765.0000000000            1.0088053942
   3766.0000000000            1.5155447721
   3767.0000000000            2.0658738613
   3768.0000000000            2.5551090240
   3769.0000000000            2.8673801422
   3770.0000000000            2.9196527004
   3771.0000000000            2.6974115372
   3772.0000000000            2.2611711025
   3773.0000000000            1.7198466063
   3774.0000000000            1.1869055033
   3775.0000000000            0.7432118654
   3776.0000000000            0.4222593606
   3777.0000000000            0.2176787853
   3778.0000000000            0.1018177569
   3779.0000000000            0.0432123356
   3780.0000000000            0.0166438892
   3781.0000000000            0.0058338214
   3782.0000000000            0.0019308530
   3783.0000000000            0.0008805347
   3784.0000000000            0.0014096156
   3785.0000000000            0.0042236438
   3786.0000000000            0.0125602344
   3787.0000000000            0.0341660902
   3788.0000000000            0.0844845027
   3789.0000000000            0.1898227036
   3790.0000000000            0.3875204623
   3791.0000000000            0.7188124657
   3792.0000000000            1.2114650011
   3793.0000000000            1.8551560640
   3794.0000000000            2.5812160969
   3795.0000000000            3.2631919384
   3796.0000000000            3.7483074665
   3797.0000000000            3.9120295048
   3798.0000000000            3.7097389698
   3799.0000000000            3.1963839531
   3800.0000000000            2.5023548603
   3801.0000000000            1.7799717188
   3802.0000000000            1.1504074335
   3803.0000000000            0.6755610108
   3804.0000000000            0.3604556322
   3805.0000000000            0.1747484654
   3806.0000000000            0.0769749284
   3807.0000000000            0.0308077168
   3808.0000000000            0.0112032518
   3809.0000000000            0.0037017148
   3810.0000000000            0.0011113125
   3811.0000000000            0.0003031404
   3812.0000000000            0.0000751324
   3813.0000000000            0.0000169216
   3814.0000000000            0.0000034784
   3815.0000000000            0.0000007508
   3816.0000000000            0.0000007432
   3817.0000000000            0.0000034362
   3818.0000000000            0.0000167776
   3819.0000000000            0.0000749131
   3820.0000000000            0.0003045277
   3821.0000000000            0.0011268903
   3822.0000000000            0.0037959509
   3823.0000000000            0.0116397468
   3824.0000000000            0.0324900597
   3825.0000000000            0.0825546533
   3826.0000000000            0.1909486353
   3827.0000000000            0.4020458758
   3828.0000000000            0.7705816031
   3829.0000000000            1.3444533348
   3830.0000000000            2.1352899075
   3831.0000000000            3.0871088505
   3832.0000000000            4.0628528595
   3833.0000000000            4.8673686981
   3834.0000000000            5.3081278801
   3835.0000000000            5.2695384026
   3836.0000000000            4.7619819641
   3837.0000000000            3.9173014164
   3838.0000000000            2.9333927631
   3839.0000000000            1.9995738268
   3840.0000000000            1.2407627106
   3841.0000000000            0.7008483410
   3842.0000000000            0.3603655994
   3843.0000000000            0.1686734259
   3844.0000000000            0.0718677416
   3845.0000000000            0.0278743897
   3846.0000000000            0.0098414868
   3847.0000000000            0.0031630066
   3848.0000000000            0.0009253873
   3849.0000000000            0.0002464512
   3850.0000000000            0.0000597479
   3851.0000000000            0.0000131855
   3852.0000000000            0.0000026489
   3853.0000000000            0.0000004844
   3854.0000000000            0.0000000806
   3855.0000000000            0.0000000122
   3856.0000000000            0.0000000017
   3857.0000000000            0.0000000002
   3858.0000000000            0.0000000000
   3859.0000000000            0.0000000000
   3860.0000000000            0.0000000000
   3861.0000000000            0.0000000000
   3862.0000000000            0.0000000000
   3863.0000000000            0.0000000000
   3864.0000000000            0.0000000000
   3865.0000000000            0.0000000002
   3866.0000000000            0.0000000016
   3867.0000000000            0.0000000115
   3868.0000000000            0.0000000757
   3869.0000000000            0.0000004528
   3870.0000000000            0.0000024726
   3871.0000000000            0.0000123238
   3872.0000000000            0.0000560580
   3873.0000000000            0.0002327205
   3874.0000000000            0.0008817271
   3875.0000000000            0.0030488519
   3876.0000000000            0.0096214628
   3877.0000000000            0.0277107693
   3878.0000000000            0.0728381127
   3879.0000000000            0.1747316271
   3880.0000000000            0.3825488985
   3881.0000000000            0.7643725276
   3882.0000000000            1.3938815594
   3883.0000000000            2.3197937012
   3884.0000000000            3.5235097408
   3885.0000000000            4.8843221664
   3886.0000000000            6.1792502403
   3887.0000000000            7.1346044540
   3888.0000000000            7.5180759430
   3889.0000000000            7.2301311493
   3890.0000000000            6.3458280563
   3891.0000000000            5.0831522942
   3892.0000000000            3.7160418034
   3893.0000000000            2.4793093204
   3894.0000000000            1.5096751451
   3895.0000000000            0.8389556408
   3896.0000000000            0.4254976213
   3897.0000000000            0.1969508976
   3898.0000000000            0.0831996351
   3899.0000000000            0.0320765451
   3900.0000000000            0.0112864235
   3901.0000000000            0.0036243310
   3902.0000000000            0.0010621895
   3903.0000000000            0.0002841050
   3904.0000000000            0.0000693519
   3905.0000000000            0.0000154504
   3906.0000000000            0.0000031414
   3907.0000000000            0.0000005829
   3908.0000000000            0.0000000987
   3909.0000000000            0.0000000153
   3910.0000000000            0.0000000022
   3911.0000000000            0.0000000003
   3912.0000000000            0.0000000000
   3913.0000000000            0.0000000000
   3914.0000000000            0.0000000000
   3915.0000000000            0.0000000000
   3916.0000000000            0.0000000000
   3917.0000000000            0.0000000000
   3918.0000000000            0.0000000000
   3919.0000000000            0.0000000000
   3920.0000000000            0.0000000000
   3921.0000000000            0.0000000000
   3922.0000000000            0.0000000000
   3923.0000000000            0.0000000000
   3924.0000000000            0.0000000000
   3925.0000000000            0.0000000000
   3926.0000000000            0.0000000000
   3927.0000000000            0.0000000000
   3928.0000000000            0.0000000000
   3929.0000000000            0.0000000000
   3930.0000000000            0.0000000000
   3931.0000000000            0.0000000000
   3932.0000000000            0.0000000000
   3933.0000000000            0.0000000000
   3934.0000000000            0.0000000000
   3935.0000000000            0.0000000000
   3936.0000000000            0.0000000000
   3937.0000000000            0.0000000000
   3938.0000000000            0.0000000000
   3939.0000000000            0.0000000000
   3940.0000000000            0.0000000000
   3941.0000000000            0.0000000000
   3942.0000000000            0.0000000000
   3943.0000000000            0.0000000000
   3944.0000000000            0.0000000000
   3945.0000000000            0.0000000000
   3946.0000000000            0.0000000000
   3947.0000000000            0.0000000000
   3948.0000000000            0.0000000000
   3949.0000000000            0.0000000000
   3950.0000000000            0.0000000000
   3951.0000000000            0.0000000000
   3952.0000000000            0.0000000000
   3953.0000000000            0.0000000000
   3954.0000000000            0.0000000000
   3955.0000000000            0.0000000000
   3956.0000000000            0.0000000000
   3957.0000000000            0.0000000000
   3958.0000000000            0.0000000000
   3959.0000000000            0.0000000000
   3960.0000000000            0.0000000000
   3961.0000000000            0.0000000000
   3962.0000000000            0.0000000000
   3963.0000000000            0.0000000000
   3964.0000000000            0.0000000000
   3965.0000000000            0.0000000000
   3966.0000000000            0.0000000000
   3967.0000000000            0.0000000000
   3968.0000000000            0.0000000000
   3969.0000000000            0.0000000000
   3970.0000000000            0.0000000000
   3971.0000000000            0.0000000000
   3972.0000000000            0.0000000000
   3973.0000000000            0.0000000000
   3974.0000000000            0.0000000000
   3975.0000000000            0.0000000000
   3976.0000000000            0.0000000000
   3977.0000000000            0.0000000000
   3978.0000000000            0.0000000000
   3979.0000000000            0.0000000000
   3980.0000000000            0.0000000000
   3981.0000000000            0.0000000000
   3982.0000000000            0.0000000000
   3983.0000000000            0.0000000000
   3984.0000000000            0.0000000000
   3985.0000000000            0.0000000000
   3986.0000000000            0.0000000000
   3987.0000000000            0.0000000000
   3988.0000000000            0.0000000000
   3989.0000000000            0.0000000000
   3990.0000000000            0.0000000000
   3991.0000000000            0.0000000000
   3992.0000000000            0.0000000000
   3993.0000000000            0.0000000000
   3994.0000000000            0.0000000000
   3995.0000000000            0.0000000000
   3996.0000000000            0.0000000000
   3997.0000000000            0.0000000000
   3998.0000000000            0.0000000000
   3999.0000000000            0.0000000000
   4000.0000000000            0.0000000000
   4001.0000000000            0.0000000000
   4002.0000000000            0.0000000000
   4003.0000000000            0.0000000000
   4004.0000000000            0.0000000000
   4005.0000000000            0.0000000000
   4006.0000000000            0.0000000000
   4007.0000000000            0.0000000000
   4008.0000000000            0.0000000000
   4009.0000000000            0.0000000000
   4010.0000000000            0.0000000000
   4011.0000000000            0.0000000000
   4012.0000000000            0.0000000000
   4013.0000000000            0.0000000000
   4014.0000000000            0.0000000000
   4015.0000000000            0.0000000000
   4016.0000000000            0.0000000000
   4017.0000000000            0.0000000000
   4018.0000000000            0.0000000000
   4019.0000000000            0.0000000000
   4020.0000000000            0.0000000000
   4021.0000000000            0.0000000000
   4022.0000000000            0.0000000000
   4023.0000000000            0.0000000000
   4024.0000000000            0.0000000000
   4025.0000000000            0.0000000000
   4026.0000000000            0.0000000000
   4027.0000000000            0.0000000000
   4028.0000000000            0.0000000000
   4029.0000000000            0.0000000000
   4030.0000000000            0.0000000000
   4031.0000000000            0.0000000000
   4032.0000000000            0.0000000000
   4033.0000000000            0.0000000000
   4034.0000000000            0.0000000000
   4035.0000000000            0.0000000000
   4036.0000000000            0.0000000000
   4037.0000000000            0.0000000000
   4038.0000000000            0.0000000000
   4039.0000000000            0.0000000000
   4040.0000000000            0.0000000000
   4041.0000000000            0.0000000000
   4042.0000000000            0.0000000000
   4043.0000000000            0.0000000000
   4044.0000000000            0.0000000000
   4045.0000000000            0.0000000000
   4046.0000000000            0.0000000000
   4047.0000000000            0.0000000000
   4048.0000000000            0.0000000000
   4049.0000000000            0.0000000000
   4050.0000000000            0.0000000000
   4051.0000000000            0.0000000000
   4052.0000000000            0.0000000000
   4053.0000000000            0.0000000000
   4054.0000000000            0.0000000000
   4055.0000000000            0.0000000000
   4056.0000000000            0.0000000000
   4057.0000000000            0.0000000000
   4058.0000000000            0.0000000000
   4059.0000000000            0.0000000000
   4060.0000000000            0.0000000000
   4061.0000000000            0.0000000000
   4062.0000000000            0.0000000000
   4063.0000000000            0.0000000000
   4064.0000000000            0.0000000000
   4065.0000000000            0.0000000000
   4066.0000000000            0.0000000000
   4067.0000000000            0.0000000000
   4068.0000000000            0.0000000000
   4069.0000000000            0.0000000000
   4070.0000000000            0.0000000000
   4071.0000000000            0.0000000000
   4072.0000000000            0.0000000000
   4073.0000000000            0.0000000000
   4074.0000000000            0.0000000000
   4075.0000000000            0.0000000000
   4076.0000000000            0.0000000000
   4077.0000000000            0.0000000000
   4078.0000000000            0.0000000000
   4079.0000000000            0.0000000000
   4080.0000000000            0.0000000000
   4081.0000000000            0.0000000000
   4082.0000000000            0.0000000000
   4083.0000000000            0.0000000000
   4084.0000000000            0.0000000000
   4085.0000000000            0.0000000000
   4086.0000000000            0.0000000000
   4087.0000000000            0.0000000000
   4088.0000000000            0.0000000000
   4089.0000000000            0.0000000000
   4090.0000000000            0.0000000000
   4091.0000000000            0.0000000000
   4092.0000000000            0.0000000000
   4093.0000000000            0.0000000000
   4094.0000000000            0.0000000000
   4095.0000000000            0.0000000000
   4096.0000000000            0.0000000000
   4097.0000000000            0.0000000000
   4098.0000000000            0.0000000000
   4099.0000000000            0.0000000000
   4100.0000000000            0.0000000000
