0.501   34.82
1.002   33.46
1.502   32.79
2.003   32.46
2.504   32.01
3.005   31.79
3.505   31.57
4.006   31.46
4.507   31.14
5.008   30.92
5.508   30.81
6.009   30.70
6.510   30.48
7.011   30.37
7.511   30.26
8.012   30.05
8.512   29.83
9.012   29.72
9.513   29.61
10.014   29.40
10.515   29.29
11.015   29.08
11.516   28.97
12.017   28.86
12.518   28.65
13.018   28.43
13.519   28.33
14.020   28.11
14.521   28.01
15.021   27.90
15.522   27.79
16.023   27.69
16.524   27.58
17.024   27.48
17.525   27.37
18.026   27.26
18.526   27.16
19.027   27.16
19.528   27.05
20.028   26.95
20.528   26.84
21.029   26.74
21.530   26.63
22.031   26.63
22.531   26.52
23.032   26.42
23.533   26.42
24.034   26.31
24.534   26.21
25.035   26.10
25.536   26.00
26.036   26.00
26.537   25.79
27.038   25.79
27.539   25.79
28.039   25.68
28.540   25.58
29.041   25.58
29.542   25.58
30.042   25.47
30.543   25.37
31.044   25.37
31.545   25.26
32.045   25.26
32.545   25.16
33.046   25.05
33.546   25.05
34.047   24.84
34.548   24.84
35.049   24.84
35.549   24.74
36.050   24.74
36.551   24.63
37.052   24.63
37.552   24.53
38.053   24.43
38.554   24.43
39.055   24.43
39.555   24.32
40.056   24.32
40.557   24.22
41.058   24.22
41.558   24.22
42.059   24.11
42.560   24.11
43.060   24.01
43.561   24.01
44.062   23.90
44.563   23.90
45.062   23.80
45.563   23.70
46.064   23.70
46.565   23.70
47.065   23.59
47.566   23.59
48.067   23.49
48.568   23.49
49.068   23.49
49.569   23.38
50.070   23.38
50.570   23.38
51.071   23.38
51.572   23.28
52.073   23.28
52.573   23.28
53.074   23.28
53.575   23.18
54.076   23.18
54.576   23.07
55.077   23.07
55.578   22.97
56.079   22.97
56.579   22.97
57.079   22.97
57.580   22.86
58.081   22.86
58.581   22.86
59.082   22.76
59.583   22.76
60.083   22.76
60.584   22.66
61.085   22.66
61.586   22.66
62.086   22.55
62.587   22.55
63.088   22.55
63.589   22.55
64.089   22.55
64.590   22.55
65.091   22.45
65.592   22.45
66.092   22.45
66.593   22.45
67.094   22.35
67.594   22.35
68.095   22.35
68.596   22.35
69.096   22.35
69.596   22.35
70.097   22.35
70.598   22.24
71.099   22.24
71.599   22.24
72.100   22.24
72.601   22.14
73.102   22.14
73.602   22.14
74.103   22.14
74.604   22.14
75.105   22.14
75.605   22.14
76.106   22.03
76.607   22.03
77.107   22.03
77.608   22.03
78.109   22.03
78.610   22.03
79.110   22.03
79.611   22.03
80.112   21.93
80.613   21.93
81.113   21.93
81.613   21.83
82.114   21.93
82.615   21.83
83.115   21.83
83.616   21.83
84.117   21.83
84.617   21.83
85.118   21.72
85.619   21.72
86.120   21.62
86.620   21.72
87.121   21.72
87.622   21.72
88.123   21.62
88.623   21.62
89.124   21.62
89.625   21.62
90.126   21.62
90.626   21.52
91.127   21.62
91.628   21.62
92.129   21.52
92.629   21.52
93.130   21.52
93.631   21.52
94.130   21.52
94.631   21.52
95.132   21.52
95.633   21.52
96.133   21.41
96.634   21.52
97.135   21.41
97.636   21.41
98.136   21.41
98.637   21.41
99.138   21.41
99.639   21.41
100.139   21.41
100.640   21.41
101.141   21.31
101.641   21.31
102.142   21.31
102.643   21.31
103.144   21.31
103.644   21.31
104.145   21.31
104.646   21.31
105.147   21.31
105.646   21.31
106.147   21.31
106.648   21.21
107.149   21.21
107.649   21.21
108.150   21.21
108.651   21.21
109.151   21.21
109.652   21.21
110.153   21.21
110.654   21.21
111.154   21.21
111.655   21.10
112.156   21.21
112.657   21.10
113.157   21.10
113.658   21.10
114.159   21.10
114.660   21.10
115.160   21.10
115.661   21.10
116.162   21.21
116.663   21.21
117.163   21.10
117.664   21.10
118.164   21.10
118.664   21.10
119.165   21.10
119.666   21.10
120.167   21.10
