# table rgb (aips0)
  0   0   0
 50  50  50
 50  50  50
 50  50  50
 50  50  50
 50  50  50
 50  50  50
 50  50  50
 50  50  50
 50  50  50
 50  50  50
 50  50  50
 50  50  50
 50  50  50
 50  50  50
 50  50  50
 50  50  50
 50  50  50
 50  50  50
 50  50  50
 50  50  50
 50  50  50
 50  50  50
 50  50  50
 50  50  50
 50  50  50
 50  50  50
 50  50  50
 50  50  50
 50  50  50
 50  50  50
 50  50  50
121   0 154
121   0 154
121   0 154
121   0 154
121   0 154
121   0 154
121   0 154
121   0 154
121   0 154
121   0 154
121   0 154
121   0 154
121   0 154
121   0 154
121   0 154
121   0 154
121   0 154
121   0 154
121   0 154
121   0 154
121   0 154
121   0 154
121   0 154
121   0 154
121   0 154
121   0 154
121   0 154
121   0 154
  0   0 199
  0   0 199
  0   0 199
  0   0 199
  0   0 199
  0   0 199
  0   0 199
  0   0 199
  0   0 199
  0   0 199
  0   0 199
  0   0 199
  0   0 199
  0   0 199
  0   0 199
  0   0 199
  0   0 199
  0   0 199
  0   0 199
  0   0 199
  0   0 199
  0   0 199
  0   0 199
  0   0 199
  0   0 199
  0   0 199
  0   0 199
  0   0 199
 95 166 235
 95 166 235
 95 166 235
 95 166 235
 95 166 235
 95 166 235
 95 166 235
 95 166 235
 95 166 235
 95 166 235
 95 166 235
 95 166 235
 95 166 235
 95 166 235
 95 166 235
 95 166 235
 95 166 235
 95 166 235
 95 166 235
 95 166 235
 95 166 235
 95 166 235
 95 166 235
 95 166 235
 95 166 235
 95 166 235
 95 166 235
 95 166 235
  0 145   0
  0 145   0
  0 145   0
  0 145   0
  0 145   0
  0 145   0
  0 145   0
  0 145   0
  0 145   0
  0 145   0
  0 145   0
  0 145   0
  0 145   0
  0 145   0
  0 145   0
  0 145   0
  0 145   0
  0 145   0
  0 145   0
  0 145   0
  0 145   0
  0 145   0
  0 145   0
  0 145   0
  0 145   0
  0 145   0
  0 145   0
  0 145   0
  0 246   0
  0 246   0
  0 246   0
  0 246   0
  0 246   0
  0 246   0
  0 246   0
  0 246   0
  0 246   0
  0 246   0
  0 246   0
  0 246   0
  0 246   0
  0 246   0
  0 246   0
  0 246   0
  0 246   0
  0 246   0
  0 246   0
  0 246   0
  0 246   0
  0 246   0
  0 246   0
  0 246   0
  0 246   0
  0 246   0
  0 246   0
  0 246   0
255 255   0
255 255   0
255 255   0
255 255   0
255 255   0
255 255   0
255 255   0
255 255   0
255 255   0
255 255   0
255 255   0
255 255   0
255 255   0
255 255   0
255 255   0
255 255   0
255 255   0
255 255   0
255 255   0
255 255   0
255 255   0
255 255   0
255 255   0
255 255   0
255 255   0
255 255   0
255 255   0
255 255   0
255 177   0
255 177   0
255 177   0
255 177   0
255 177   0
255 177   0
255 177   0
255 177   0
255 177   0
255 177   0
255 177   0
255 177   0
255 177   0
255 177   0
255 177   0
255 177   0
255 177   0
255 177   0
255 177   0
255 177   0
255 177   0
255 177   0
255 177   0
255 177   0
255 177   0
255 177   0
255 177   0
255 177   0
255   0   0
255   0   0
255   0   0
255   0   0
255   0   0
255   0   0
255   0   0
255   0   0
255   0   0
255   0   0
255   0   0
255   0   0
255   0   0
255   0   0
255   0   0
255   0   0
255   0   0
255   0   0
255   0   0
255   0   0
255   0   0
255   0   0
255   0   0
255   0   0
255   0   0
255   0   0
255   0   0
255   0   0
