# table rgb (amber (cmasher))
  0   0   0
  0   0   0
  0   0   0
  0   0   0
  0   0   0
  1   0   0
  1   1   1
  2   1   1
  3   1   2
  4   2   2
  5   2   3
  6   3   3
  7   3   4
  8   4   5
 10   5   5
 11   5   6
 13   6   7
 14   6   8
 15   7   9
 17   8  10
 18   9  11
 20   9  11
 21  10  12
 22  11  13
 24  12  14
 25  13  15
 27  13  16
 28  14  17
 29  15  17
 31  15  18
 32  16  19
 33  17  20
 35  18  21
 36  18  21
 38  19  22
 39  20  23
 40  20  24
 42  21  24
 43  22  25
 45  22  26
 46  23  26
 47  23  27
 49  24  28
 50  25  28
 51  25  29
 53  26  30
 54  26  30
 56  27  31
 57  28  31
 58  28  32
 60  29  33
 61  29  33
 63  30  34
 64  30  34
 65  31  35
 67  32  35
 68  32  36
 70  33  36
 71  33  37
 72  34  37
 74  34  38
 75  35  38
 77  35  39
 78  36  39
 80  36  40
 81  37  40
 82  37  40
 84  38  41
 85  38  41
 87  39  41
 88  39  42
 90  40  42
 91  41  42
 92  41  43
 94  42  43
 95  42  43
 97  43  43
 98  43  44
100  44  44
101  44  44
102  45  44
104  45  44
105  46  45
107  46  45
108  47  45
110  47  45
111  48  45
112  48  45
114  49  45
115  49  45
117  50  45
118  50  45
119  51  45
121  51  45
122  52  45
124  53  45
125  53  45
126  54  45
128  54  45
129  55  45
131  55  45
132  56  45
133  57  45
135  57  45
136  58  44
137  59  44
139  59  44
140  60  44
141  60  44
143  61  44
144  62  43
145  63  43
147  63  43
148  64  43
149  65  42
150  65  42
152  66  42
153  67  42
154  68  41
155  69  41
156  69  41
158  70  40
159  71  40
160  72  40
161  73  40
162  74  39
164  74  39
165  75  39
166  76  38
167  77  38
168  78  38
169  79  37
170  80  37
171  81  37
172  82  36
174  83  36
175  84  36
176  85  35
177  86  35
178  87  35
179  88  34
180  89  34
181  90  34
182  91  34
183  92  33
184  93  33
185  94  33
186  95  32
187  96  32
188  97  32
188  98  32
189  99  31
190 101  31
191 102  31
192 103  31
193 104  31
194 105  30
195 106  30
196 107  30
197 109  30
197 110  30
198 111  30
199 112  29
200 113  29
201 114  29
202 116  29
202 117  29
203 118  29
204 119  29
205 121  29
205 122  29
206 123  29
207 124  29
208 125  29
209 127  29
209 128  29
210 129  29
211 131  29
211 132  29
212 133  30
213 134  30
214 136  30
214 137  30
215 138  30
216 140  31
216 141  31
217 142  31
218 144  31
218 145  32
219 146  32
220 147  32
220 149  33
221 150  33
222 152  34
222 153  34
223 154  35
224 156  35
224 157  36
225 158  36
225 160  37
226 161  37
227 162  38
227 164  38
228 165  39
228 167  40
229 168  40
229 169  41
230 171  41
231 172  42
231 174  43
232 175  44
232 177  44
233 178  45
233 179  46
234 181  46
234 182  47
235 184  48
235 185  49
236 187  50
236 188  50
237 190  51
237 191  52
238 193  53
238 194  54
239 195  55
239 197  56
240 198  57
240 200  57
241 201  58
241 203  59
242 204  60
242 206  61
242 208  62
243 209  63
243 211  64
244 212  65
244 214  66
245 215  67
245 217  68
245 218  69
246 220  70
246 221  71
247 223  72
247 225  73
247 226  74
248 228  76
248 229  77
249 231  78
249 232  79
249 234  80
250 236  81
250 237  82
250 239  83
251 241  84
251 242  86
251 244  87
