# table rgb (backgr)
  0   0   0
  4   4   4
  8   8   8
 12  12  12
 16  16  16
 20  20  20
 24  24  24
 28  28  28
 32  32  32
 36  36  36
 40  40  40
 44  44  44
 48  48  48
 52  52  52
 56  56  56
 60  60  60
 64  64  64
 68  68  68
 72  72  72
 76  76  76
 80  80  80
 84  84  84
 89  89  89
 93  93  93
 97  97  97
101 101 101
105 105 105
109 109 109
113 113 113
117 117 117
121 121 121
125 125 125
129 129 129
133 133 133
137 137 137
141 141 141
145 145 145
149 149 149
153 153 153
157 157 157
161 161 161
165 165 165
169 169 169
174 174 174
178 178 178
182 182 182
186 186 186
190 190 190
194 194 194
198 198 198
202 202 202
206 206 206
210 210 210
214 214 214
218 218 218
222 222 222
226 226 226
230 230 230
234 234 234
238 238 238
242 242 242
246 246 246
250 250 250
254 254 254
  0   0 254
  0   4 250
  0   8 246
  0  12 242
  0  16 238
  0  20 234
  0  24 230
  0  28 226
  0  32 222
  0  36 218
  0  40 214
  0  44 210
  0  48 206
  0  52 202
  0  56 198
  0  60 194
  0  64 190
  0  68 186
  0  72 182
  0  76 178
  0  80 174
  0  84 169
  0  89 165
  0  93 161
  0  97 157
  0 101 153
  0 105 149
  0 109 145
  0 113 141
  0 117 137
  0 121 133
  0 125 129
  0 129 125
  0 133 121
  0 137 117
  0 141 113
  0 145 109
  0 149 105
  0 153 101
  0 157  97
  0 161  93
  0 165  89
  0 169  84
  0 174  80
  0 178  76
  0 182  72
  0 186  68
  0 190  64
  0 194  60
  0 198  56
  0 202  52
  0 206  48
  0 210  44
  0 214  40
  0 218  36
  0 222  32
  0 226  28
  0 230  24
  0 234  20
  0 238  16
  0 242  12
  0 246   8
  0 250   4
  0 254   0
  0 255   0
  4 255   0
  8 255   0
 12 255   0
 16 255   0
 20 255   0
 24 255   0
 28 255   0
 32 255   0
 36 255   0
 40 255   0
 44 255   0
 48 255   0
 52 255   0
 56 255   0
 60 255   0
 64 255   0
 68 255   0
 72 255   0
 76 255   0
 80 255   0
 84 255   0
 89 255   0
 93 255   0
 97 255   0
101 255   0
105 255   0
109 255   0
113 255   0
117 255   0
121 255   0
125 255   0
129 255   0
133 255   0
137 255   0
141 255   0
145 255   0
149 255   0
153 255   0
157 255   0
161 255   0
165 255   0
169 255   0
174 255   0
178 255   0
182 255   0
186 255   0
190 255   0
194 255   0
198 255   0
202 255   0
206 255   0
210 255   0
214 255   0
218 255   0
222 255   0
226 255   0
230 255   0
234 255   0
238 255   0
242 255   0
246 255   0
250 255   0
254 255   0
255 254   0
255 250   0
255 246   0
255 242   0
255 238   0
255 234   0
255 230   0
255 226   0
255 222   0
255 218   0
255 214   0
255 210   0
255 206   0
255 202   0
255 198   0
255 194   0
255 190   0
255 186   0
255 182   0
255 178   0
255 174   0
255 169   0
255 165   0
255 161   0
255 157   0
255 153   0
255 149   0
255 145   0
255 141   0
255 137   0
255 133   0
255 129   0
255 125   0
255 121   0
255 117   0
255 113   0
255 109   0
255 105   0
255 101   0
255  97   0
255  93   0
255  89   0
255  84   0
255  80   0
255  76   0
255  72   0
255  68   0
255  64   0
255  60   0
255  56   0
255  52   0
255  48   0
255  44   0
255  40   0
255  36   0
255  32   0
255  28   0
255  24   0
255  20   0
255  16   0
255  12   0
255   8   0
255   4   0
255   0   0
