# table rgb (blulut)
  0   0   0
  0   0   0
  0   0   1
  0   0   2
  0   0   4
  0   0   5
  0   0   6
  0   0   6
  0   0   7
  0   0   8
  0   0  10
  0   0  11
  0   0  12
  0   0  12
  0   0  13
  0   0  14
  0   0  16
  0   0  17
  0   0  18
  0   0  19
  0   0  19
  0   0  20
  0   0  21
  0   0  23
  0   0  24
  0   0  25
  0   0  25
  0   0  26
  0   0  27
  0   0  29
  0   0  30
  0   0  31
  0   0  31
  0   0  32
  0   0  33
  0   0  34
  0   0  36
  0   0  37
  0   0  38
  0   0  38
  0   0  39
  0   0  40
  0   0  42
  0   0  43
  0   0  44
  0   0  44
  0   0  45
  0   0  46
  0   0  48
  0   0  49
  0   0  50
  0   0  51
  0   0  51
  0   0  52
  0   0  53
  0   0  55
  0   0  56
  0   0  57
  0   0  57
  0   0  58
  0   0  59
  0   0  61
  0   0  62
  0   0  63
  1   1  63
  1   1  64
  1   1  65
  1   1  67
  1   1  68
  1   1  69
  1   1  70
  1   1  70
  1   1  71
  1   1  72
  1   1  74
  1   1  75
  2   2  76
  2   2  76
  2   2  77
  2   2  78
  2   2  80
  2   2  81
  2   2  82
  2   2  82
  3   3  83
  3   3  84
  3   3  85
  3   3  87
  3   3  88
  3   3  89
  3   3  89
  4   4  90
  4   4  91
  4   4  93
  4   4  94
  4   4  95
  5   5  95
  5   5  96
  5   5  97
  5   5  99
  6   6 100
  6   6 101
  6   6 102
  6   6 102
  7   7 103
  7   7 104
  7   7 106
  7   7 107
  8   8 108
  8   8 108
  8   8 109
  9   9 110
  9   9 112
  9   9 113
 10  10 114
 10  10 114
 10  10 115
 11  11 116
 11  11 118
 12  12 119
 12  12 120
 12  12 121
 13  13 121
 13  13 122
 14  14 123
 14  14 125
 15  15 126
 15  15 127
 16  16 127
 16  16 128
 17  17 129
 17  17 131
 18  18 132
 18  18 133
 19  19 133
 20  20 134
 20  20 135
 21  21 136
 21  21 138
 22  22 139
 23  23 140
 23  23 140
 24  24 141
 25  25 142
 25  25 144
 26  26 145
 27  27 146
 28  28 146
 28  28 147
 29  29 148
 30  30 150
 31  31 151
 32  32 152
 33  33 153
 33  33 153
 34  34 154
 35  35 155
 36  36 157
 37  37 158
 38  38 159
 39  39 159
 40  40 160
 41  41 161
 42  42 163
 43  43 164
 44  44 165
 45  45 165
 46  46 166
 48  48 167
 49  49 169
 50  50 170
 51  51 171
 52  52 172
 54  54 172
 55  55 173
 56  56 174
 57  57 176
 59  59 177
 60  60 178
 61  61 178
 63  63 179
 64  64 180
 66  66 182
 67  67 183
 69  69 184
 70  70 184
 72  72 185
 73  73 186
 75  75 187
 76  76 189
 78  78 190
 80  80 191
 81  81 191
 83  83 192
 85  85 193
 87  87 195
 89  89 196
 90  90 197
 92  92 197
 94  94 198
 96  96 199
 98  98 201
100 100 202
102 102 203
104 104 204
106 106 204
108 108 205
110 110 206
112 112 208
115 115 209
117 117 210
119 119 210
121 121 211
124 124 212
126 126 214
128 128 215
131 131 216
133 133 216
136 136 217
138 138 218
141 141 220
143 143 221
146 146 222
149 149 223
151 151 223
154 154 224
157 157 225
160 160 227
162 162 228
165 165 229
168 168 229
171 171 230
174 174 231
177 177 233
180 180 234
183 183 235
187 187 235
190 190 236
193 193 237
196 196 238
200 200 240
203 203 241
206 206 242
210 210 242
213 213 243
217 217 244
220 220 246
224 224 247
228 228 248
231 231 248
235 235 249
239 239 250
243 243 252
247 247 253
251 251 254
255 255 255
