# table rgb (bubblegum (cmasher))
  6  34  56
  7  34  57
  8  35  59
  9  35  60
 10  36  62
 11  36  63
 12  37  65
 13  37  66
 14  38  68
 15  38  69
 16  39  71
 17  39  72
 18  40  74
 19  40  75
 20  41  77
 21  41  79
 22  42  80
 23  42  82
 24  42  83
 25  43  85
 26  43  87
 27  44  88
 28  44  90
 29  44  92
 30  45  93
 31  45  95
 32  45  97
 34  46  98
 35  46 100
 36  46 102
 37  46 104
 38  47 105
 39  47 107
 40  47 109
 42  47 111
 43  48 112
 44  48 114
 45  48 116
 47  48 118
 48  48 119
 49  48 121
 50  48 123
 52  49 125
 53  49 126
 54  49 128
 55  49 130
 57  49 132
 58  49 134
 60  49 135
 61  49 137
 62  49 139
 64  49 141
 65  49 142
 66  49 144
 68  48 146
 69  48 148
 71  48 149
 72  48 151
 74  48 153
 75  48 154
 77  48 156
 78  47 157
 80  47 159
 81  47 161
 83  47 162
 84  46 164
 86  46 165
 87  46 167
 89  46 168
 90  45 170
 92  45 171
 93  45 172
 95  44 174
 96  44 175
 98  44 176
 99  43 178
101  43 179
102  43 180
104  42 181
105  42 182
107  42 183
108  41 184
110  41 185
111  41 186
113  40 187
115  40 188
116  40 189
118  39 190
119  39 191
121  39 192
122  38 192
123  38 193
125  38 194
126  38 194
128  38 195
129  37 196
131  37 196
132  37 197
134  37 197
135  37 198
137  37 198
138  37 198
139  37 199
141  37 199
142  37 199
144  37 200
145  37 200
147  37 200
148  37 200
149  37 200
151  37 201
152  37 201
153  38 201
155  38 201
156  38 201
157  38 201
159  39 201
160  39 201
161  39 201
163  40 201
164  40 200
165  41 200
167  41 200
168  42 200
169  42 200
170  43 200
172  43 199
173  44 199
174  44 199
176  45 198
177  45 198
178  46 198
179  47 197
180  47 197
182  48 197
183  49 196
184  50 196
185  50 195
186  51 195
188  52 194
189  53 194
190  54 193
191  54 193
192  55 192
193  56 192
194  57 191
195  58 191
196  59 190
198  60 190
199  61 189
200  62 188
201  62 188
202  63 187
203  64 187
204  65 186
205  66 185
206  67 185
207  68 184
208  69 183
209  71 183
210  72 182
210  73 181
211  74 181
212  75 180
213  76 179
214  77 179
215  78 178
216  79 178
217  80 177
217  82 176
218  83 176
219  84 175
220  85 174
220  86 174
221  87 173
222  89 173
223  90 172
223  91 171
224  92 171
225  93 170
225  95 170
226  96 169
227  97 169
227  98 168
228 100 168
228 101 167
229 102 167
230 103 166
230 105 166
231 106 165
231 107 165
232 108 165
232 110 164
233 111 164
233 112 164
234 113 163
234 115 163
235 116 163
235 117 162
236 119 162
236 120 162
236 121 162
237 122 161
237 124 161
238 125 161
238 126 161
239 127 161
239 129 160
239 130 160
240 131 160
240 132 160
240 134 160
241 135 160
241 136 160
241 138 160
242 139 160
242 140 160
242 141 160
243 143 160
243 144 160
243 145 160
244 146 160
244 148 160
244 149 160
245 150 160
245 151 160
245 153 160
246 154 160
246 155 160
246 156 161
246 158 161
247 159 161
247 160 161
247 161 161
247 163 161
248 164 161
248 165 162
248 166 162
249 168 162
249 169 162
249 170 162
249 171 163
250 173 163
250 174 163
250 175 163
250 176 164
250 178 164
251 179 164
251 180 164
251 181 165
251 183 165
252 184 165
252 185 165
252 186 166
252 188 166
252 189 166
