# table rgb (color)
  0   0   0
  0   0   0
  0   0   0
  0   0   0
  0   0   0
  0   0   0
  0   0   0
  0   0   0
  0   0   0
  0   0   0
  0   0   0
  0   0   0
  0   0   0
  0   0   0
  0   0   0
  0   0   0
 46  46  46
 46  46  46
 46  46  46
 46  46  46
 46  46  46
 46  46  46
 46  46  46
 46  46  46
 46  46  46
 46  46  46
 46  46  46
 46  46  46
 46  46  46
 46  46  46
 46  46  46
 46  46  46
 95  95  95
 95  95  95
 95  95  95
 95  95  95
 95  95  95
 95  95  95
 95  95  95
 95  95  95
 95  95  95
 95  95  95
 95  95  95
 95  95  95
 95  95  95
 95  95  95
 95  95  95
 95  95  95
142 142 142
142 142 142
142 142 142
142 142 142
142 142 142
142 142 142
142 142 142
142 142 142
142 142 142
142 142 142
142 142 142
142 142 142
142 142 142
142 142 142
142 142 142
142 142 142
191 191 191
191 191 191
191 191 191
191 191 191
191 191 191
191 191 191
191 191 191
191 191 191
191 191 191
191 191 191
191 191 191
191 191 191
191 191 191
191 191 191
191 191 191
191 191 191
238 238 238
238 238 238
238 238 238
238 238 238
238 238 238
238 238 238
238 238 238
238 238 238
238 238 238
238 238 238
238 238 238
238 238 238
238 238 238
238 238 238
238 238 238
238 238 238
  0  46 238
  0  46 238
  0  46 238
  0  46 238
  0  46 238
  0  46 238
  0  46 238
  0  46 238
  0  46 238
  0  46 238
  0  46 238
  0  46 238
  0  46 238
  0  46 238
  0  46 238
  0  46 238
  0  95 191
  0  95 191
  0  95 191
  0  95 191
  0  95 191
  0  95 191
  0  95 191
  0  95 191
  0  95 191
  0  95 191
  0  95 191
  0  95 191
  0  95 191
  0  95 191
  0  95 191
  0  95 191
  0 127 127
  0 127 127
  0 127 127
  0 127 127
  0 127 127
  0 127 127
  0 127 127
  0 127 127
  0 127 127
  0 127 127
  0 127 127
  0 127 127
  0 127 127
  0 127 127
  0 127 127
  0 127 127
  0 191  78
  0 191  78
  0 191  78
  0 191  78
  0 191  78
  0 191  78
  0 191  78
  0 191  78
  0 191  78
  0 191  78
  0 191  78
  0 191  78
  0 191  78
  0 191  78
  0 191  78
  0 191  78
  0 238   0
  0 238   0
  0 238   0
  0 238   0
  0 238   0
  0 238   0
  0 238   0
  0 238   0
  0 238   0
  0 238   0
  0 238   0
  0 238   0
  0 238   0
  0 238   0
  0 238   0
  0 238   0
 78 159   0
 78 159   0
 78 159   0
 78 159   0
 78 159   0
 78 159   0
 78 159   0
 78 159   0
 78 159   0
 78 159   0
 78 159   0
 78 159   0
 78 159   0
 78 159   0
 78 159   0
 78 159   0
127 127   0
127 127   0
127 127   0
127 127   0
127 127   0
127 127   0
127 127   0
127 127   0
127 127   0
127 127   0
127 127   0
127 127   0
127 127   0
127 127   0
127 127   0
127 127   0
159  78   0
159  78   0
159  78   0
159  78   0
159  78   0
159  78   0
159  78   0
159  78   0
159  78   0
159  78   0
159  78   0
159  78   0
159  78   0
159  78   0
159  78   0
159  78   0
238   0   0
238   0   0
238   0   0
238   0   0
238   0   0
238   0   0
238   0   0
238   0   0
238   0   0
238   0   0
238   0   0
238   0   0
238   0   0
238   0   0
238   0   0
238   0   0
191   0  78
191   0  78
191   0  78
191   0  78
191   0  78
191   0  78
191   0  78
191   0  78
191   0  78
191   0  78
191   0  78
191   0  78
191   0  78
191   0  78
191   0  78
191   0  78
