# table rgb (coolwarm)
 58  76 192
 60  78 194
 61  79 196
 62  81 197
 63  83 199
 64  85 200
 65  86 202
 67  88 203
 68  90 205
 69  92 206
 70  93 208
 71  95 209
 73  97 210
 74  99 212
 75 100 213
 76 102 214
 77 104 216
 79 105 217
 80 107 218
 81 109 220
 82 110 221
 84 112 222
 85 114 223
 86 115 225
 87 117 226
 89 119 227
 90 120 228
 91 122 229
 93 124 230
 94 125 231
 95 127 232
 96 128 233
 98 130 234
 99 132 235
100 133 236
102 135 237
103 136 238
104 138 239
106 139 240
107 141 241
108 143 242
110 144 242
111 146 243
112 147 244
114 149 245
115 150 245
117 152 246
118 153 247
119 155 247
121 156 248
122 157 249
123 159 249
125 160 250
126 162 250
128 163 251
129 164 251
130 166 252
132 167 252
133 168 252
134 170 253
136 171 253
137 172 253
139 174 254
140 175 254
141 176 254
143 177 254
144 179 255
146 180 255
147 181 255
148 182 255
150 183 255
151 185 255
153 186 255
154 187 255
155 188 255
157 189 255
158 190 255
159 191 255
161 192 255
162 193 255
164 194 255
165 195 255
166 196 254
168 197 254
169 198 254
170 199 254
172 200 253
173 201 253
174 202 253
176 203 252
177 203 252
178 204 252
180 205 251
181 206 251
182 207 250
184 207 250
185 208 249
186 209 249
187 209 248
189 210 247
190 211 247
191 211 246
192 212 245
194 213 245
195 213 244
196 214 243
197 214 243
199 215 242
200 215 241
201 216 240
202 216 239
203 217 238
204 217 238
206 218 237
207 218 236
208 218 235
209 219 234
210 219 233
211 219 232
212 220 231
213 220 230
214 220 228
215 220 227
216 220 226
217 220 225
218 221 224
220 221 223
221 221 222
222 221 220
223 220 219
224 220 217
225 219 216
226 219 215
227 218 213
228 218 212
229 217 210
230 216 209
231 216 207
231 215 206
232 214 204
233 214 203
234 213 201
235 212 200
236 212 198
236 211 197
237 210 195
238 209 194
238 208 192
239 207 191
240 207 189
240 206 188
241 205 186
242 204 185
242 203 183
242 202 181
243 201 180
243 200 178
244 199 177
244 198 175
245 197 174
245 196 172
245 195 170
246 194 169
246 192 167
246 191 166
246 190 164
247 189 163
247 188 161
247 187 159
247 185 158
247 184 156
247 183 155
248 181 153
248 180 151
248 179 150
248 178 148
248 176 147
248 175 145
248 173 144
247 172 142
247 171 140
247 169 139
247 168 137
247 166 136
247 165 134
247 163 133
246 162 131
246 160 129
246 159 128
245 157 126
245 156 125
245 154 123
244 153 122
244 151 120
243 149 119
243 148 117
243 146 116
242 144 114
242 143 113
241 141 111
241 139 110
240 138 108
239 136 107
239 134 105
238 132 104
237 131 102
237 129 101
236 127  99
235 125  98
235 123  96
234 122  95
233 120  93
232 118  92
231 116  90
231 114  89
230 112  88
229 110  86
228 108  85
227 106  83
226 104  82
225 102  81
224 101  79
223  99  78
222  97  77
221  95  75
220  92  74
219  90  73
218  88  71
217  86  70
215  84  69
214  82  67
213  80  66
212  78  65
211  75  64
210  73  62
208  71  61
207  68  60
206  66  59
205  64  57
203  61  56
202  59  55
200  56  54
199  53  53
198  51  51
196  48  50
195  45  49
194  43  48
192  40  47
191  35  46
189  31  44
188  26  43
186  22  42
185  17  41
183  13  40
182   8  39
180   3  38
