# table rgb (eclipse (cmasher))
  0   0   0
  0   0   0
  0   0   0
  0   0   0
  0   0   0
  0   0   1
  1   1   1
  1   1   2
  2   2   3
  2   2   4
  3   3   5
  3   4   6
  4   4   7
  4   5   9
  5   6  10
  6   7  12
  6   8  13
  7   9  15
  8  10  16
  9  11  18
  9  12  19
 10  13  21
 11  14  23
 12  15  24
 12  16  26
 13  17  27
 14  18  29
 14  19  30
 15  20  32
 16  21  33
 16  22  35
 17  23  36
 17  24  38
 18  25  40
 18  26  41
 19  27  43
 19  27  44
 20  28  46
 20  29  47
 20  30  49
 21  31  51
 21  32  52
 21  33  54
 22  34  55
 22  35  57
 22  36  59
 22  37  60
 22  38  62
 22  39  63
 22  40  65
 22  41  66
 22  42  68
 22  43  69
 21  44  71
 21  46  72
 21  47  74
 20  48  75
 20  49  77
 19  50  78
 19  51  79
 18  52  81
 17  53  82
 16  54  83
 15  55  84
 14  56  85
 13  58  86
 12  59  87
 11  60  88
  9  61  89
  8  62  90
  7  63  90
  6  64  91
  6  65  92
  5  67  92
  5  68  93
  5  69  93
  5  70  93
  5  71  94
  6  72  94
  7  73  94
  8  74  94
 10  75  95
 11  76  95
 13  77  95
 15  78  95
 17  79  95
 18  80  95
 20  80  96
 22  81  96
 24  82  96
 26  83  96
 28  84  96
 29  85  96
 31  86  96
 33  87  96
 35  88  97
 36  88  97
 38  89  97
 40  90  97
 42  91  97
 43  92  97
 45  93  98
 47  93  98
 48  94  98
 50  95  98
 51  96  98
 53  97  99
 55  98  99
 56  98  99
 58  99  99
 59 100 100
 61 101 100
 63 102 100
 64 102 100
 66 103 100
 67 104 101
 69 105 101
 70 106 101
 72 106 102
 73 107 102
 75 108 102
 76 109 102
 78 110 103
 79 110 103
 80 111 103
 82 112 104
 83 113 104
 85 114 104
 86 114 104
 88 115 105
 89 116 105
 90 117 105
 92 118 106
 93 118 106
 95 119 106
 96 120 106
 98 121 107
 99 122 107
100 123 107
102 123 107
103 124 108
105 125 108
106 126 108
107 127 108
109 127 109
110 128 109
112 129 109
113 130 109
115 131 109
116 131 109
118 132 110
119 133 110
121 134 110
122 135 110
124 135 110
125 136 110
127 137 110
128 138 110
130 139 110
132 139 110
133 140 110
135 141 110
136 142 110
138 143 110
140 143 110
141 144 110
143 145 110
145 146 110
146 146 110
148 147 110
150 148 110
152 148 110
153 149 110
155 150 110
157 151 110
159 151 110
161 152 109
162 153 109
164 154 109
166 154 109
168 155 109
170 156 109
172 156 109
173 157 108
175 158 108
177 159 108
179 159 108
181 160 108
183 161 107
185 161 107
187 162 107
188 163 107
190 163 106
192 164 106
194 165 106
196 166 105
198 166 105
200 167 105
202 168 104
204 168 104
205 169 103
207 170 103
209 171 102
211 172 101
213 172 101
215 173 100
216 174  99
218 175  99
220 176  98
221 177  97
223 178  96
224 179  95
225 180  95
227 181  94
228 182  93
229 183  92
230 184  92
231 186  91
232 187  91
233 188  90
234 190  90
235 191  89
236 192  89
236 194  89
237 195  88
238 196  88
239 198  88
239 199  88
240 201  87
241 202  87
241 204  87
242 205  87
242 207  87
243 208  87
244 210  86
244 211  86
245 213  86
245 214  86
246 216  86
247 217  86
247 219  86
248 220  86
248 222  86
249 223  86
249 225  86
250 227  85
250 228  85
251 230  85
251 231  85
252 233  85
252 235  85
252 236  85
253 238  85
253 239  85
254 241  85
254 243  85
