# table rgb (greenlut)
  0   0   0
  0   0   0
  0   1   0
  0   2   0
  0   4   0
  0   5   0
  0   6   0
  0   6   0
  0   7   0
  0   8   0
  0  10   0
  0  11   0
  0  12   0
  0  12   0
  0  13   0
  0  14   0
  0  16   0
  0  17   0
  0  18   0
  0  19   0
  0  19   0
  0  20   0
  0  21   0
  0  23   0
  0  24   0
  0  25   0
  0  25   0
  0  26   0
  0  27   0
  0  29   0
  0  30   0
  0  31   0
  0  31   0
  0  32   0
  0  33   0
  0  34   0
  0  36   0
  0  37   0
  0  38   0
  0  38   0
  0  39   0
  0  40   0
  0  42   0
  0  43   0
  0  44   0
  0  44   0
  0  45   0
  0  46   0
  0  48   0
  0  49   0
  0  50   0
  0  51   0
  0  51   0
  0  52   0
  0  53   0
  0  55   0
  0  56   0
  0  57   0
  0  57   0
  0  58   0
  0  59   0
  0  61   0
  0  62   0
  0  63   0
  1  63   1
  1  64   1
  1  65   1
  1  67   1
  1  68   1
  1  69   1
  1  70   1
  1  70   1
  1  71   1
  1  72   1
  1  74   1
  1  75   1
  2  76   2
  2  76   2
  2  77   2
  2  78   2
  2  80   2
  2  81   2
  2  82   2
  2  82   2
  3  83   3
  3  84   3
  3  85   3
  3  87   3
  3  88   3
  3  89   3
  3  89   3
  4  90   4
  4  91   4
  4  93   4
  4  94   4
  4  95   4
  5  95   5
  5  96   5
  5  97   5
  5  99   5
  6 100   6
  6 101   6
  6 102   6
  6 102   6
  7 103   7
  7 104   7
  7 106   7
  7 107   7
  8 108   8
  8 108   8
  8 109   8
  9 110   9
  9 112   9
  9 113   9
 10 114  10
 10 114  10
 10 115  10
 11 116  11
 11 118  11
 12 119  12
 12 120  12
 12 121  12
 13 121  13
 13 122  13
 14 123  14
 14 125  14
 15 126  15
 15 127  15
 16 127  16
 16 128  16
 17 129  17
 17 131  17
 18 132  18
 18 133  18
 19 133  19
 20 134  20
 20 135  20
 21 136  21
 21 138  21
 22 139  22
 23 140  23
 23 140  23
 24 141  24
 25 142  25
 25 144  25
 26 145  26
 27 146  27
 28 146  28
 28 147  28
 29 148  29
 30 150  30
 31 151  31
 32 152  32
 33 153  33
 33 153  33
 34 154  34
 35 155  35
 36 157  36
 37 158  37
 38 159  38
 39 159  39
 40 160  40
 41 161  41
 42 163  42
 43 164  43
 44 165  44
 45 165  45
 46 166  46
 48 167  48
 49 169  49
 50 170  50
 51 171  51
 52 172  52
 54 172  54
 55 173  55
 56 174  56
 57 176  57
 59 177  59
 60 178  60
 61 178  61
 63 179  63
 64 180  64
 66 182  66
 67 183  67
 69 184  69
 70 184  70
 72 185  72
 73 186  73
 75 187  75
 76 189  76
 78 190  78
 80 191  80
 81 191  81
 83 192  83
 85 193  85
 87 195  87
 89 196  89
 90 197  90
 92 197  92
 94 198  94
 96 199  96
 98 201  98
100 202 100
102 203 102
104 204 104
106 204 106
108 205 108
110 206 110
112 208 112
115 209 115
117 210 117
119 210 119
121 211 121
124 212 124
126 214 126
128 215 128
131 216 131
133 216 133
136 217 136
138 218 138
141 220 141
143 221 143
146 222 146
149 223 149
151 223 151
154 224 154
157 225 157
160 227 160
162 228 162
165 229 165
168 229 168
171 230 171
174 231 174
177 233 177
180 234 180
183 235 183
187 235 187
190 236 190
193 237 193
196 238 196
200 240 200
203 241 203
206 242 206
210 242 210
213 243 213
217 244 217
220 246 220
224 247 224
228 248 228
231 248 231
235 249 235
239 250 239
243 252 243
247 253 247
251 254 251
255 255 255
