# table rgb (heat)
  0   0   0
  2   0   0
  6   1   0
  8   2   0
 12   4   0
 14   5   0
 18   6   0
 20   6   0
 24   7   0
 26   8   0
 30  10   0
 32  11   0
 36  12   0
 38  12   0
 42  13   0
 44  14   0
 48  16   0
 51  17   0
 53  18   0
 57  19   0
 59  19   0
 63  20   0
 65  21   0
 69  23   0
 71  24   0
 75  25   0
 77  25   0
 81  26   0
 83  27   0
 87  29   0
 89  30   0
 93  31   0
 95  31   0
 99  32   0
102  33   0
104  34   0
108  36   0
110  37   0
114  38   0
116  38   0
120  39   0
122  40   0
126  42   0
128  43   0
132  44   0
134  44   0
138  45   0
140  46   0
144  48   0
146  49   0
150  50   0
153  51   0
155  51   0
159  52   0
161  53   0
165  55   0
167  56   0
171  57   0
173  57   0
177  58   0
179  59   0
183  61   0
185  62   0
189  63   0
191  63   0
195  64   0
197  65   0
201  67   0
204  68   0
206  69   0
210  70   0
212  70   0
216  71   0
218  72   0
222  74   0
224  75   0
228  76   0
230  76   0
234  77   0
236  78   0
240  80   0
242  81   0
246  82   0
248  82   0
252  83   0
255  84   0
255  85   0
255  87   0
255  88   0
255  89   0
255  89   0
255  90   0
255  91   0
255  93   0
255  94   0
255  95   0
255  95   0
255  96   0
255  97   0
255  99   0
255 100   0
255 101   0
255 102   0
255 102   0
255 103   0
255 104   0
255 106   0
255 107   0
255 108   0
255 108   0
255 109   0
255 110   0
255 112   0
255 113   0
255 114   0
255 114   0
255 115   0
255 116   0
255 118   0
255 119   0
255 120   0
255 121   0
255 121   0
255 122   0
255 123   0
255 125   0
255 126   0
255 127   0
255 127   0
255 128   0
255 129   0
255 131   0
255 132   0
255 133   0
255 133   0
255 134   0
255 135   0
255 136   0
255 138   0
255 139   0
255 140   0
255 140   0
255 141   0
255 142   0
255 144   0
255 145   0
255 146   0
255 146   0
255 147   0
255 148   0
255 150   0
255 151   0
255 152   0
255 153   0
255 153   0
255 154   0
255 155   0
255 157   0
255 158   0
255 159   0
255 159   0
255 160   0
255 161   0
255 163   0
255 164   0
255 165   0
255 165   2
255 166   6
255 167   8
255 169  12
255 170  14
255 171  18
255 172  20
255 172  24
255 173  26
255 174  30
255 176  32
255 177  36
255 178  38
255 178  42
255 179  44
255 180  48
255 182  51
255 183  53
255 184  57
255 184  59
255 185  63
255 186  65
255 187  69
255 189  71
255 190  75
255 191  77
255 191  81
255 192  83
255 193  87
255 195  89
255 196  93
255 197  95
255 197  99
255 198 102
255 199 104
255 201 108
255 202 110
255 203 114
255 204 116
255 204 120
255 205 122
255 206 126
255 208 128
255 209 132
255 210 134
255 210 138
255 211 140
255 212 144
255 214 146
255 215 150
255 216 153
255 216 155
255 217 159
255 218 161
255 220 165
255 221 167
255 222 171
255 223 173
255 223 177
255 224 179
255 225 183
255 227 185
255 228 189
255 229 191
255 229 195
255 230 197
255 231 201
255 233 204
255 234 206
255 235 210
255 235 212
255 236 216
255 237 218
255 238 222
255 240 224
255 241 228
255 242 230
255 242 234
255 243 236
255 244 240
255 246 242
255 247 246
255 248 248
255 248 252
255 249 255
255 250 255
255 252 255
255 253 255
255 254 255
255 255 255
