# table rgb (idl14)
  0   0   0
  0  42   0
  0  84   0
  0 127   0
  0 170   0
  0 211   0
  0 255   0
  0 246   0
  0 235   0
  0 225   0
  0 216   0
  0 205   0
  0 197   0
  0 186   0
  0 177   0
  0 166   0
  0 157   0
  0 147   0
  0 138   0
  0 127   0
  0 118   0
  0 108   0
  0  99   0
  0  89   0
  0  78   0
  0  69   0
  0  58   0
  0  50   0
  0  39   0
  0  30   0
  0  19   0
  0  10   0
  0   0   0
  0   0   7
  0   0  16
  0   0  24
  0   0  31
  0   0  40
  0   0  49
  0   0  57
  0   0  64
  0   0  74
  0   0  82
  0   0  89
  0   0  97
  0   0 106
  0   0 114
  0   0 122
  0   0 131
  0   0 139
  0   0 147
  0   0 155
  0   0 164
  0   0 172
  0   0 179
  0   0 189
  0   0 197
  0   0 204
  0   0 212
  0   0 222
  0   0 229
  0   0 237
  0   0 246
  0   0 255
  0   0   0
  6   0   5
 14   0  10
 23   0  14
 31   0  20
 38   0  25
 46   0  31
 55   0  37
 63   0  42
 70   0  46
 77   0  52
 85   0  57
 94   0  63
102   0  69
109   0  74
118   0  78
126   0  84
133   0  89
141   0  94
151   0  97
159   0 102
167   0 108
176   0 112
184   0 116
192   0 121
201   0 126
210   0 131
217   0 134
225   0 140
235   0 144
242   0 148
252   0 153
  0   0   0
  0   0   0
  1   0   0
  2   0   0
  4   0   0
  5   0   0
  6   0   0
  6   0   0
  7   0   0
  8   0   0
 10   0   0
 11   0   0
 12   0   0
 13   0   0
 16   0   0
 18   0   0
 19   0   0
 23   0   0
 25   0   0
 26   0   0
 29   0   0
 31   0   0
 33   0   0
 36   0   0
 38   0   0
 40   0   0
 44   0   0
 46   0   0
 50   0   0
 52   0   0
 56   0   0
 58   0   0
 63   0   0
 65   0   0
 69   0   0
 71   0   0
 75   0   0
 77   0   0
 82   0   0
 84   0   0
 89   0   0
 93   0   0
 96   0   0
101   0   0
104   0   0
108   0   0
112   0   0
115   0   0
120   0   0
123   0   0
127   0   0
131   0   0
134   0   0
139   0   0
142   0   0
146   0   0
151   0   0
154   0   0
159   0   0
163   0   0
166   0   0
171   0   0
174   0   0
178   0   0
180   0   0
184   0   0
187   0   0
191   0   0
195   0   0
197   0   0
202   0   0
204   0   0
209   0   0
211   0   0
216   0   1
217   0   1
220   0   1
223   0   1
224   0   1
227   0   1
229   0   1
231   0   1
234   0   1
236   0   1
238   0   1
241   0   1
243   1   1
243   1   1
244   1   1
246   1   1
247   1   1
247   1   1
248   1   1
248   1   1
249   1   1
249   1   1
250   1   1
252   1   1
253   1   1
254   0   1
254   0   1
254   2   1
254   5   1
254   7   1
254  10   1
254  12   1
254  14   1
254  17   1
254  19   1
254  21   1
254  24   1
254  25   1
254  29   1
254  31   1
254  32   1
254  36   1
254  36   1
254  38   2
254  39   4
254  42   5
255  44   6
255  48   8
255  51  12
255  53  13
255  57  17
255  61  19
255  63  23
255  67  26
255  70  30
255  72  33
255  76  38
255  82  44
255  87  49
255  91  55
255  95  59
255 100  64
255 103  70
255 108  76
255 113  82
255 119  89
255 125  96
255 131 103
255 138 112
255 144 120
255 151 127
255 157 135
255 164 145
255 171 153
255 178 161
255 184 171
255 192 179
255 199 189
255 208 197
255 215 206
255 223 216
255 229 223
255 235 231
255 242 238
255 248 247
255 255 255
