# table rgb (idl12)
  0   0   0
  0  83   0
  0  83   0
  0  83   0
  0  83   0
  0  83   0
  0  83   0
  0  83   0
  0  83   0
  0  83   0
  0  83   0
  0  83   0
  0  83   0
  0  83   0
  0  83   0
  0  83   0
  0 167   0
  0 167   0
  0 167   0
  0 167   0
  0 167   0
  0 167   0
  0 167   0
  0 167   0
  0 167   0
  0 167   0
  0 167   0
  0 167   0
  0 167   0
  0 167   0
  0 167   0
  0 167   0
  0 255   0
  0 255   0
  0 255   0
  0 255   0
  0 255   0
  0 255   0
  0 255   0
  0 255   0
  0 255   0
  0 255   0
  0 255   0
  0 255   0
  0 255   0
  0 255   0
  0 255   0
  0 255   0
  0 255  83
  0 255  83
  0 255  83
  0 255  83
  0 255  83
  0 255  83
  0 255  83
  0 255  83
  0 255  83
  0 255  83
  0 255  83
  0 255  83
  0 255  83
  0 255  83
  0 255  83
  0 255  83
  0 255 167
  0 255 167
  0 255 167
  0 255 167
  0 255 167
  0 255 167
  0 255 167
  0 255 167
  0 255 167
  0 255 167
  0 255 167
  0 255 167
  0 255 167
  0 255 167
  0 255 167
  0 255 167
  0 255 255
  0 255 255
  0 255 255
  0 255 255
  0 255 255
  0 255 255
  0 255 255
  0 255 255
  0 255 255
  0 255 255
  0 255 255
  0 255 255
  0 255 255
  0 255 255
  0 255 255
  0 255 255
  0   0 255
  0   0 255
  0   0 255
  0   0 255
  0   0 255
  0   0 255
  0   0 255
  0   0 255
  0   0 255
  0   0 255
  0   0 255
  0   0 255
  0   0 255
  0   0 255
  0   0 255
  0   0 255
127   0 255
127   0 255
127   0 255
127   0 255
127   0 255
127   0 255
127   0 255
127   0 255
127   0 255
127   0 255
127   0 255
127   0 255
127   0 255
127   0 255
127   0 255
127   0 255
255   0 220
255   0 220
255   0 220
255   0 220
255   0 220
255   0 220
255   0 220
255   0 220
255   0 220
255   0 220
255   0 220
255   0 220
255   0 220
255   0 220
255   0 220
255   0 220
255   0 179
255   0 179
255   0 179
255   0 179
255   0 179
255   0 179
255   0 179
255   0 179
255   0 179
255   0 179
255   0 179
255   0 179
255   0 179
255   0 179
255   0 179
255   0 179
255   0 127
255   0 127
255   0 127
255   0 127
255   0 127
255   0 127
255   0 127
255   0 127
255   0 127
255   0 127
255   0 127
255   0 127
255   0 127
255   0 127
255   0 127
255   0 127
255   0  63
255   0  63
255   0  63
255   0  63
255   0  63
255   0  63
255   0  63
255   0  63
255   0  63
255   0  63
255   0  63
255   0  63
255   0  63
255   0  63
255   0  63
255   0  63
255   0   0
255   0   0
255   0   0
255   0   0
255   0   0
255   0   0
255   0   0
255   0   0
255   0   0
255   0   0
255   0   0
255   0   0
255   0   0
255   0   0
255   0   0
255   0   0
220 190 190
220 190 190
220 190 190
220 190 190
220 190 190
221 190 190
221 190 190
221 190 190
221 190 190
221 190 190
222 190 190
222 190 190
222 190 190
222 190 190
222 190 190
223 190 190
220 220 220
220 220 220
220 220 220
220 220 220
220 220 220
220 220 220
220 220 220
220 220 220
220 220 220
220 220 220
220 220 220
220 220 220
220 220 220
220 220 220
220 220 220
220 220 220
255 255 255
255 255 255
255 255 255
255 255 255
255 255 255
255 255 255
255 255 255
255 255 255
255 255 255
255 255 255
255 255 255
255 255 255
255 255 255
255 255 255
255 255 255
255 255 255
