# table rgb (idl11)
  0   0   0
  0   0   0
  0   1   1
  0   2   2
  0   4   4
  0   7   7
  0  12  12
  0  16  16
  0  20  20
  0  25  25
  0  29  29
  0  32  32
  0  38  38
  0  42  42
  0  45  45
  0  50  50
  0  55  55
  0  58  58
  0  63  63
  0  67  67
  0  71  71
  0  76  76
  0  80  80
  0  83  83
  0  89  89
  0  93  93
  0  96  96
  0 101 101
  0 106 106
  0 109 109
  0 114 114
  0 118 118
  0 122 122
  0 127 127
  0 131 131
  0 134 134
  0 140 140
  0 144 144
  0 147 147
  0 152 152
  0 157 157
  0 160 160
  0 165 165
  0 169 169
  0 173 173
  0 178 178
  0 182 182
  0 185 185
  0 191 191
  0 195 195
  0 198 198
  0 203 203
  0 208 208
  0 211 211
  0 216 216
  0 220 220
  0 224 224
  0 229 229
  0 233 233
  0 236 236
  0 242 242
  0 246 246
  0 249 249
  0 255 255
  0 255 255
  0 250 255
  0 247 255
  0 242 255
  0 238 255
  0 235 255
  0 230 255
  0 227 255
  0 223 255
  0 218 255
  0 215 255
  0 210 255
  0 206 255
  0 203 255
  0 198 255
  0 195 255
  0 191 255
  0 186 255
  0 183 255
  0 178 255
  0 174 255
  0 170 255
  0 165 255
  0 161 255
  0 158 255
  0 153 255
  0 150 255
  0 146 255
  0 141 255
  0 138 255
  0 133 255
  0 129 255
  0 126 255
  0 121 255
  0 118 255
  0 114 255
  0 109 255
  0 106 255
  0 102 255
  0  97 255
  0  94 255
  0  89 255
  0  84 255
  0  81 255
  0  76 255
  0  72 255
  0  69 255
  0  64 255
  0  61 255
  0  57 255
  0  52 255
  0  49 255
  0  44 255
  0  40 255
  0  37 255
  0  32 255
  0  29 255
  0  25 255
  0  20 255
  0  17 255
  0  12 255
  0   8 255
  0   5 255
  0   0 255
  0   0 255
  4   0 255
  7   0 255
 12   0 255
 16   0 255
 19   0 255
 24   0 255
 27   0 255
 31   0 255
 36   0 255
 39   0 255
 44   0 255
 48   0 255
 51   0 255
 56   0 255
 59   0 255
 63   0 255
 68   0 255
 71   0 255
 76   0 255
 80   0 255
 84   0 255
 89   0 255
 93   0 255
 96   0 255
101   0 255
104   0 255
108   0 255
113   0 255
116   0 255
121   0 255
125   0 255
128   0 255
133   0 255
136   0 255
140   0 255
145   0 255
148   0 255
153   0 255
157   0 255
160   0 255
165   0 255
170   0 255
173   0 255
178   0 255
182   0 255
185   0 255
190   0 255
193   0 255
197   0 255
202   0 255
205   0 255
210   0 255
214   0 255
217   0 255
222   0 255
225   0 255
229   0 255
234   0 255
237   0 255
242   0 255
246   0 255
249   0 255
255   0 255
255   0 255
255   0 250
255   0 247
255   0 242
255   0 238
255   0 235
255   0 230
255   0 227
255   0 223
255   0 217
255   0 214
255   0 210
255   0 205
255   0 202
255   0 197
255   0 193
255   0 190
255   0 185
255   0 180
255   0 177
255   0 172
255   0 169
255   0 165
255   0 160
255   0 157
255   0 153
255   0 148
255   0 144
255   0 140
255   0 135
255   0 132
255   0 127
255   0 123
255   0 120
255   0 115
255   0 112
255   0 107
255   0 102
255   0  99
255   0  95
255   0  90
255   0  87
255   0  82
255   0  78
255   0  75
255   0  70
255   0  65
255   0  62
255   0  57
255   0  53
255   0  50
255   0  45
255   0  42
255   0  38
255   0  32
255   0  29
255   0  25
255   0  20
255   0  17
255   0  12
255   0   8
255   0   5
255   0   0
255   0   0
