# table rgb (idl15)
  0   0   0
 18   0   0
 36   1   2
 53   2   5
 71   4   6
 89   5   8
108   6  11
127   6  12
145   7  14
163   8  17
180  10  19
198  11  20
216  12  23
235  12  25
254  13  26
248  14  29
243  16  31
238  17  32
234  18  34
229  19  37
223  19  38
217  20  40
212  21  43
208  23  44
203  24  46
197  25  49
191  25  51
186  26  52
182  27  55
177  29  57
172  30  58
165  31  61
160  31  63
155  32  64
151  33  67
146  34  69
140  36  70
134  37  72
129  38  75
125  38  76
120  39  78
114  40  81
108  42  82
103  43  84
 99  44  87
 94  44  89
 89  45  90
 82  46  93
 77  48  95
 72  49  96
 68  50  99
 63  51 101
 57  51 102
 51  52 104
 46  53 107
 42  55 108
 37  56 110
 31  57 113
 25  57 114
 20  58 116
 16  59 119
 11  61 121
  6  62 122
  0  63 125
 63  63 127
 64  64 128
 65  65 131
 67  67 133
 68  68 134
 69  69 136
 70  70 139
 70  70 140
 71  71 142
 72  72 145
 74  74 146
 75  75 148
 76  76 151
 76  76 153
 77  77 154
 78  78 157
 80  80 159
 81  81 160
 82  82 163
 82  82 165
 83  83 166
 84  84 169
 85  85 171
 87  87 172
 88  88 174
 89  89 177
 89  89 178
 90  90 180
 91  91 183
 93  93 184
 94  94 186
 95  95 189
 95  95 191
 96  96 192
 97  97 195
 99  99 197
100 100 198
101 101 201
102 102 203
102 102 204
103 103 206
104 104 209
106 106 210
107 107 212
108 108 215
108 108 216
109 109 218
110 110 221
112 112 223
113 113 224
114 114 227
114 114 229
115 115 230
116 116 233
118 118 235
119 119 236
120 120 238
121 121 241
121 121 242
122 122 244
123 123 247
125 125 248
126 126 250
127 127 253
127 127 255
128 128 250
129 129 247
131 131 242
132 132 237
133 133 234
133 133 229
134 134 225
135 135 221
136 136 216
138 138 212
139 139 209
140 140 204
140 140 199
141 141 196
142 142 191
144 144 186
145 145 183
146 146 178
146 146 174
147 147 170
148 148 165
150 150 161
151 151 158
152 152 153
153 153 148
153 153 145
154 154 140
155 155 135
157 157 132
158 158 127
159 159 123
159 159 119
160 160 114
161 161 110
163 163 107
164 164 102
165 165  97
165 165  94
166 166  89
167 167  84
169 169  81
170 170  76
171 171  72
172 172  68
172 172  63
173 173  59
174 174  56
176 176  51
177 177  46
178 178  43
178 178  38
179 179  33
180 180  30
182 182  25
183 183  21
184 184  17
184 184  12
185 185   8
186 186   5
187 187   0
189 189   2
190 190   6
191 191  11
191 191  14
192 192  19
193 193  21
195 195  25
196 196  30
197 197  33
197 197  38
198 198  40
199 199  44
201 201  49
202 202  52
203 203  57
204 204  59
204 204  63
205 205  68
206 206  71
208 208  76
209 209  78
210 210  82
210 210  87
211 211  90
212 212  95
214 214  97
215 215 102
216 216 106
216 216 109
217 217 114
218 218 116
220 220 121
221 221 125
222 222 128
223 223 133
223 223 136
224 224 140
225 225 144
227 227 147
228 228 152
229 229 155
229 229 159
230 230 163
231 231 166
233 233 171
234 234 174
235 235 178
235 235 182
236 236 185
237 237 190
238 238 193
240 240 197
241 241 201
242 242 204
242 242 209
243 243 212
244 244 216
246 246 220
247 247 223
248 248 228
248 248 231
249 249 235
250 250 238
252 252 242
253 253 247
254 254 250
255 255 255
