# table rgb (idl2)
  0   0   0
  0  36   0
  0  71   0
  0  75   0
  0  78   0
  0  82   0
  0  85   0
  0  89   0
  0  93   0
  0  96   0
  0 100   0
  0 103   0
  0 108   0
  0 116   0
  0 126   0
  0 134   0
  0 144   0
  0 153   0
  0 161   0
  0 171   0
  0 179   0
  0 189   0
  0 197   0
  0 206   0
  0 216   0
  0 224   0
  0 234   0
  0 242   0
  0 252   0
  6 248   0
 12 246   0
 18 242   0
 24 240   0
 30 234   0
 36 228   0
 42 222   0
 48 216   0
 53 210   0
 59 204   0
 65 197   0
 71 191   0
 77 185   0
 83 179   0
 89 173   0
 95 167   0
102 161   0
108 155   0
114 150   0
120 144   0
126 138   0
132 132   0
138 126   0
144 120   0
150 114   0
155 108   0
161 102   0
167  95   0
173  89   0
179  83   0
185  77   0
191  71   0
197  65   0
204  59   0
210  53   0
216  48   0
222  42   0
228  36   0
234  30   0
240  24   0
242  18   0
246  12   0
248   6   0
252   0   0
252   0   0
252   0   0
252   0   0
252   0   0
250   0   2
249   0   5
248   0   6
248   0   8
248   0  10
248   0  12
248   0  13
248   0  16
247   0  18
246   0  19
244   0  21
243   0  25
242   0  26
242   0  29
241   0  31
240   0  33
240   0  34
238   0  37
237   0  38
236   0  40
235   0  43
235   0  44
235   0  46
235   0  50
235   0  51
234   0  53
233   0  56
231   0  58
230   0  61
229   0  63
229   0  64
228   0  67
228   0  68
228   0  70
228   0  71
228   0  74
227   0  76
225   0  77
224   0  80
223   0  82
223   0  84
222   0  87
221   0  89
220   0  91
218   0  94
217   0  95
216   0  97
216   0 101
216   0 102
216   0 103
216   0 106
216   0 108
215   0 109
214   0 112
212   0 114
211   0 115
210   0 118
210   0 120
209   0 121
208   0 125
206   0 127
205   0 128
204   0 131
204   0 133
204   0 134
204   0 136
204   0 139
204   0 140
203   0 142
202   0 145
201   0 146
199   0 150
198   0 152
197   0 153
197   0 155
196   0 159
196   0 159
196   0 161
196   0 163
196   0 165
195   0 166
193   0 169
192   0 171
191   0 173
191   0 176
190   0 178
189   0 179
187   0 183
186   0 184
185   0 186
184   0 189
184   0 191
184   0 192
184   0 195
184   0 197
184   0 198
183   0 201
182   0 203
180   0 204
179   0 208
178   0 210
178   0 211
177   0 214
176   0 216
176   0 216
176   0 218
176   0 221
176   0 223
174   0 224
173   0 227
172   0 229
172   0 231
171   0 234
170   0 235
169   0 237
167   0 241
166   0 242
165   0 244
165   0 247
164   0 249
164   0 250
164   0 252
164   0 253
164   0 255
163   0 255
161   0 255
160   0 255
159   0 255
159   0 255
158   0 255
157   0 255
155   0 255
154   0 255
153   0 255
153   0 255
152   0 255
152   0 255
152   0 255
152   0 255
152   0 255
151   0 255
150   0 255
148   0 255
147   0 255
151   7 255
153  16 255
157  24 255
159  31 255
163  39 255
165  48 255
169  56 255
172  63 255
176  71 255
179  80 255
184  88 255
187  95 255
191 103 255
193 112 255
197 120 255
199 127 255
203 134 255
205 141 255
209 148 255
211 155 255
215 164 255
217 172 255
221 179 255
223 187 255
228 196 255
231 204 255
235 211 255
240 220 255
242 228 255
246 235 255
248 243 255
252 252 255
253 253 255
254 254 255
255 255 255
