# table rgb (idl4)
  0   0   0
  0   0   1
  0   0   4
  0   0   6
  0   0   7
  0   0  10
  0   0  12
  0   0  13
  0   0  16
  0   0  18
  0   0  19
  0   0  21
  0   0  25
  0   0  26
  0   0  29
  0   0  31
  0   0  32
  0   0  34
  0   0  37
  0   0  38
  0   0  40
  0   0  43
  0   0  44
  0   0  46
  0   0  50
  0   0  51
  0   0  53
  0   0  56
  0   0  57
  0   0  59
  0   0  62
  0   0  63
  0   0  65
  0   2  68
  0   6  70
  0   8  71
  0  12  75
  0  14  76
  0  18  78
  0  20  81
  0  25  82
  0  27  84
  0  31  87
  0  33  89
  0  37  90
  0  39  93
  0  43  95
  0  45  96
  0  50 100
  0  52 100
  0  56 100
  0  58 100
  0  62 100
  0  64 100
  0  68 100
  0  70 100
  0  75 100
  0  77 100
  0  81 100
  0  83 100
  0  87 100
  0  89 100
  0  93 100
  0  95 100
  0 100 100
  0 102 100
  0 106 100
  0 108 100
  0 112 100
  0 114 100
  0 118 100
  0 121 100
  0 125 100
  0 127 100
  0 131 100
  0 133 100
  0 136 100
  0 140 100
  0 142 100
  0 146 100
  0 150 100
  0 150  95
  0 150  93
  0 150  89
  0 150  87
  0 150  83
  0 150  81
  0 150  77
  0 150  75
  0 150  70
  0 150  68
  0 150  64
  0 150  62
  0 150  58
  0 150  56
  0 150  52
  0 150  50
  0 148  45
  0 147  43
  0 147  39
  0 146  37
  0 146  33
  0 146  31
  0 145  27
  0 145  25
  0 144  20
  0 142  18
  0 142  14
  0 141  12
  0 140   8
  0 140   6
  0 140   2
  0 140   0
  6 136   0
 14 134   0
 21 132   0
 30 129   0
 37 127   0
 44 125   0
 51 121   0
 59 120   0
 67 116   0
 75 114   0
 82 112   0
 89 109   0
 96 107   0
104 104   0
112 102   0
120 100   0
125  93   0
129  87   0
134  81   0
140  75   0
145  68   0
150  62   0
154  56   0
159  50   0
165  43   0
170  37   0
174  31   0
179  25   0
184  18   0
190  12   0
195   6   0
199   0   0
199   1   0
201   4   0
201   6   0
202   8   0
202  11   0
203  12   0
203  16   0
204  18   0
204  19   0
204  23   0
204  25   0
205  26   0
205  29   0
206  31   0
206  33   0
208  36   0
208  38   0
209  40   0
209  43   0
210  45   0
210  48   0
210  50   0
210  52   0
211  55   0
211  57   0
212  58   0
212  62   0
214  63   0
214  65   0
215  69   0
215  70   0
216  72   0
216  76   0
216  77   0
216  80   0
217  82   0
217  84   0
218  87   0
218  89   0
220  91   0
220  94   0
221  95   0
221  99   0
222 101   0
222 102   0
223 106   0
223 108   0
223 109   0
223 113   0
224 114   0
224 116   0
225 119   0
225 121   0
227 123   0
227 126   0
228 128   0
228 131   0
229 133   0
229 135   0
229 138   0
229 140   0
230 141   0
230 145   0
231 146   0
231 148   0
233 152   0
233 153   0
234 155   0
234 159   0
235 160   0
235 163   0
235 165   0
235 167   0
236 170   0
236 172   0
237 174   0
237 177   0
238 178   0
238 182   0
240 184   0
240 185   0
241 189   0
241 191   0
242 192   0
242 196   0
242 197   0
242 199   0
243 202   0
243 204   0
244 206   0
244 209   0
246 211   0
246 214   0
247 216   0
247 218   0
248 221   0
248 223   0
248 225   0
248 228   0
249 229   0
249 231   0
250 235   0
250 236   0
252 238   0
252 242   0
253 243   0
253 246   0
254 248   0
254 250   0
255 253   0
255 255   0
