# table rgb (idl5)
  0   0   0
  0   0   5
  0   0  10
  0   0  14
  0   0  19
  0   0  25
  0   0  31
  0   0  36
  0   0  40
  0   0  45
  0   0  51
  0   0  57
  0   0  62
  0   0  67
  0   0  71
  0   0  77
  0   0  82
  0   0  88
  0   0  93
  0   0  97
  0   0 103
  0   0 108
  0   0 114
  0   0 119
  0   0 123
  0   0 129
  0   0 134
  0   0 140
  0   0 145
  0   0 150
  0   0 155
  0   0 160
  0   0 165
  0   0 171
  0   0 176
  0   0 182
  0   0 186
  0   0 191
  0   0 197
  0   0 202
  0   0 208
  0   0 212
  0   0 217
  0   0 223
  0   0 228
  0   0 234
  0   0 238
  0   0 243
  4   0 248
  8   0 255
 13   0 249
 19   0 244
 23   0 238
 27   0 234
 32   0 228
 38   0 223
 42   0 217
 46   0 211
 51   0 206
 57   0 201
 61   0 196
 65   0 190
 70   0 184
 76   0 179
 81   0 173
 81   0 169
 81   0 163
 81   0 158
 81   0 152
 81   0 146
 81   0 141
 81   0 135
 80   0 131
 80   0 125
 80   0 120
 80   0 114
 80   0 108
 80   0 103
 80   0  97
 78   0  93
 83   0  87
 89   0  82
 94   0  76
 99   0  70
103   0  65
108   0  59
114   0  55
119   0  49
123   0  44
128   0  38
133   0  32
139   0  27
144   0  21
148   0  17
153   0  11
159   0   6
164   0   0
169   0   0
173   0   0
179   0   0
184   0   0
190   0   0
196   0   0
201   0   0
205   0   0
211   0   0
216   0   0
222   0   0
228   0   0
233   0   0
255   0   0
255   0   0
255   0   0
255   0   0
255   5   0
255  10   0
255  16   0
255  20   0
255  26   0
255  31   0
255  37   0
255  43   0
255  48   0
255  53   0
255  58   0
255  63   0
255  70   0
255  75   0
255  81   0
255  84   4
255  89   8
255  95  13
255 100  19
255 104  24
255 108  27
255 114  32
255 119  38
255 123  43
255 128  48
255 133  52
255 138  57
255 142  62
255 147  67
255 153  71
255 158  76
255 163  82
255 163  76
255 163  70
255 163  64
255 163  58
255 163  52
255 163  46
255 163  40
255 163  36
255 163  30
255 163  24
255 163  18
255 163  12
255 163   6
255 163   0
255 163   0
255 163   0
255 163   0
248 163   0
240 163   0
231 163   0
224 163   0
216 163   0
209 163   0
202 163   0
193 163   0
185 163   0
178 163   0
171 163   0
163 163   0
167 163   0
172 163   0
178 169   2
183 174   6
187 180   8
192 186  12
197 192  16
203 198  19
209 204  21
214 211  25
218 217  29
223 223  31
229 229  34
234 235  38
238 242  40
243 248  44
248 255  48
255 255  51
255 255  53
255 255  57
255 255  61
255 255  63
255 255  67
255 255  70
255 255  74
255 255  76
255 255  80
255 255  82
255 255  87
255 255  89
255 255  93
255 255  95
255 255 100
255 255 102
255 255 106
255 255 108
255 255 112
255 255 115
255 255 119
255 255 121
255 255 125
255 255 128
255 255 132
255 255 134
255 255 138
255 255 141
255 255 145
255 255 147
255 255 151
255 255 153
255 255 158
255 255 160
255 255 164
255 255 166
255 255 171
255 255 173
255 255 177
255 255 179
255 255 183
255 255 186
255 255 190
255 255 192
255 255 196
255 255 199
255 255 203
255 255 205
255 255 209
255 255 212
255 255 216
255 255 218
255 255 222
255 255 224
255 255 229
255 255 231
255 255 235
255 255 237
255 255 242
255 255 244
255 255 248
255 255 250
255 255 255
