# table rgb (idl6)
  0   0   0
  2   0   0
  6   0   0
 11   0   0
 14   0   0
 19   0   0
 21   0   0
 25   0   0
 30   0   0
 33   0   0
 38   0   0
 40   0   0
 44   0   0
 49   0   0
 52   0   0
 57   0   0
 59   0   0
 63   0   0
 68   0   0
 71   0   0
 76   0   0
 78   0   0
 82   0   0
 87   0   0
 90   0   0
 95   0   0
 97   0   0
102   0   0
106   0   0
109   0   0
114   0   0
116   0   0
121   0   0
125   0   0
128   0   0
133   0   0
136   0   0
140   0   0
144   0   0
147   0   0
152   0   0
155   0   0
159   0   0
163   0   0
166   0   0
171   0   0
174   0   0
178   0   0
182   0   0
185   0   0
190   0   0
193   0   0
197   0   0
201   0   0
204   0   0
209   0   0
212   0   0
216   0   0
220   0   0
223   0   0
228   0   0
231   0   0
235   0   0
238   0   0
242   0   0
247   2   0
250   6   0
255  11   0
250  14   0
247  19   0
242  23   0
238  26   0
235  31   0
229  34   0
225  38   0
222  43   0
217  46   0
214  51   0
210  55   0
204  58   0
201  63   0
197  67   0
192  70   0
189  75   0
184  78   0
179  82   0
176  87   0
172  90   0
167  95   0
164  99   0
159 102   0
154 107   0
151 110   0
146 114   0
142 119   0
138 122   0
133 127   0
129 131   0
126 134   0
121 139   0
118 142   0
113 146   0
108 151   0
104 154   0
101 159   0
 96 163   0
 91 166   0
 88 171   0
 83 174   0
 80 178   0
 76 183   0
 71 186   0
 67 191   0
 63 195   0
 58 198   0
 55 203   0
 51 206   0
 45 210   0
 42 215   0
 38 218   0
 33 223   0
 30 227   0
 25 230   0
 20 235   0
 17 238   0
 12 242   0
  8 247   0
  5 250   2
  0 255   6
  0 250  11
  0 247  14
  0 242  19
  0 238  23
  0 235  26
  0 230  30
  0 227  33
  0 223  38
  0 218  42
  0 215  45
  0 210  50
  0 206  53
  0 203  57
  0 198  61
  0 195  64
  0 191  69
  0 186  72
  0 183  76
  0 178  81
  0 174  84
  0 170  88
  0 165  91
  0 161  95
  0 158 100
  0 153 103
  0 150 108
  0 146 112
  0 141 114
  0 138 119
  0 133 122
  0 129 127
  0 126 131
  0 121 134
  0 118 139
  0 114 141
  0 109 146
  0 106 150
  0 102 153
  0  97 158
  0  94 161
  0  89 165
  0  84 170
  0  81 172
  0  76 177
  0  72 180
  0  69 184
  0  64 189
  0  61 192
  0  57 197
  0  52 199
  0  49 204
  0  44 208
  0  40 211
  0  37 216
  0  32 220
  0  29 223
  0  25 227
  0  20 230
  0  17 235
  0  12 238
  0   8 242
  0   5 247
  0   0 250
  0   0 255
  0   0 250
  0   0 247
  0   0 242
  0   0 238
  0   0 235
  0   0 230
  0   0 227
  0   0 223
  0   0 218
  0   0 215
  0   0 210
  0   0 206
  0   0 203
  0   0 198
  0   0 195
  0   0 191
  0   0 186
  0   0 183
  0   0 178
  0   0 174
  0   0 170
  0   0 165
  0   0 161
  0   0 158
  0   0 153
  0   0 150
  0   0 146
  0   0 141
  0   0 138
  0   0 133
  0   0 129
  0   0 126
  0   0 121
  0   0 118
  0   0 114
  0   0 109
  0   0 106
  0   0 102
  0   0  97
  0   0  94
  0   0  89
  0   0  84
  0   0  81
  0   0  76
  0   0  72
  0   0  69
  0   0  64
  0   0  61
  0   0  57
  0   0  52
  0   0  49
  0   0  44
  0   0  40
  0   0  37
  0   0  32
  0   0  29
  0   0  25
  0   0  20
  0   0  17
  0   0  12
  0   0   8
  0   0   5
  0   0   0
