# table rgb (isophot)
  0   0   0
  0   0   0
  0   0   0
  0   0   0
  0   0   0
  0   0  10
  0   0  19
  0   0  30
  0   0  39
  0   0  50
  0   0  59
  0   0  70
  0   0  81
  0   0  90
  0   0 101
  0   0 110
  0   0 121
  0   0 132
  0   0 141
  0   0 152
  0   0 161
  0   0 172
  0   0 183
255 255 255
255 255 255
255 255 255
  0   0 223
  0   0 234
  0   0 243
  0   0 255
  0   7 255
  0  16 255
  0  24 255
  0  31 255
  0  39 255
  0  48 255
  0  56 255
  0  64 255
  0  72 255
  0  81 255
  0  89 255
  0  96 255
  0 104 255
  0 113 255
  0 121 255
  0 127 255
  0 132 255
  0 136 255
255 255 255
255 255 255
255 255 255
  0 158 255
  0 163 255
  0 167 255
  0 172 255
  0 178 255
  0 184 255
  0 189 255
  0 193 255
  0 199 255
  0 203 255
  0 206 255
  0 210 255
  0 214 255
  0 217 255
  0 221 255
  0 224 255
  0 228 255
  0 231 255
  0 235 255
  0 238 255
  0 242 255
  0 247 255
255 255 255
255 255 255
255 255 255
  0 255 244
  0 255 240
  0 255 235
  0 255 229
  0 255 224
  0 255 220
  0 255 215
  0 255 210
  0 255 204
  0 255 199
  0 255 195
  0 255 190
  0 255 184
  0 255 179
  0 255 166
  0 255 154
  0 255 142
  0 255 131
  0 255 119
  0 255 107
  0 255  95
  0 255  82
255 255 255
255 255 255
255 255 255
  0 255  34
  0 255  23
  0 255  11
  0 255   0
 12 255   0
 24 255   0
 36 255   0
 48 255   0
 59 255   0
 71 255   0
 83 255   0
 95 255   0
108 255   0
120 255   0
132 255   0
144 255   0
155 255   0
167 255   0
179 255   0
184 255   0
190 255   0
195 255   0
255 255 255
255 255 255
255 255 255
215 255   0
220 255   0
224 255   0
229 255   0
235 255   0
240 255   0
244 255   0
249 255   0
255 255   0
254 249   0
254 244   0
254 240   0
254 235   0
253 230   0
253 225   0
253 222   0
253 216   0
252 211   0
252 208   0
252 203   0
252 197   0
252 193   0
255 255 255
255 255 255
255 255 255
252 176   0
252 171   0
252 166   0
252 163   0
252 158   0
253 153   0
253 150   0
253 145   0
253 140   0
254 136   0
254 132   0
254 127   0
254 123   0
255 120   0
255 110   0
255 102   0
255  95   0
255  87   0
255  78   0
255  70   0
255  63   0
255  55   0
255 255 255
255 255 255
255 255 255
255  23   0
255  14   0
255   6   0
255   0   0
255   0   0
255   0   0
255   0   0
255   0   0
255   0   0
255   0   0
255   0   0
255   0   0
255   0   0
255   0   0
255   0   0
255   0   0
255   0   0
255   0   0
255   0   0
255   0  12
255   0  24
255   0  36
255 255 255
255 255 255
255 255 255
255   0  83
255   0  95
255   0 108
255   0 120
255   0 132
255   0 144
255   0 155
255   0 167
255   0 179
255   0 184
255   0 191
255   0 197
255   0 203
255   0 208
255   0 214
255   0 220
255   0 225
255   0 230
255   0 236
255   0 242
255   0 248
255   0 255
255 255 255
255 255 255
255 255 255
255  36 255
255  44 255
255  53 255
255  63 255
255  72 255
255  82 255
255  91 255
255 101 255
255 109 255
255 120 255
255 123 255
255 128 255
255 133 255
255 138 255
255 142 255
255 146 255
255 152 255
255 155 255
255 160 255
255 165 255
255 170 255
255 174 255
255 179 255
255 190 255
255 201 255
255 211 255
255 222 255
255 233 255
255 243 255
255 255 255
