# table rgb (jungle (cmasher))
  0   0   0
  0   0   0
  0   0   0
  0   0   0
  0   0   0
  0   1   1
  1   1   1
  1   2   1
  1   2   2
  1   3   3
  2   4   3
  2   5   4
  3   6   4
  3   7   5
  3   8   6
  4   9   7
  4  10   8
  5  12   8
  5  13   9
  5  14  10
  6  15  11
  6  16  12
  7  18  13
  7  19  14
  7  20  15
  8  21  15
  8  22  16
  9  24  17
  9  25  18
  9  26  18
 10  27  19
 10  28  20
 10  29  20
 11  30  21
 11  32  22
 11  33  22
 11  34  23
 12  35  24
 12  36  24
 12  37  25
 12  38  25
 13  40  26
 13  41  26
 13  42  27
 13  43  28
 13  44  28
 13  45  29
 13  46  29
 13  47  29
 13  49  30
 13  50  30
 14  51  31
 14  52  31
 14  53  32
 14  54  32
 13  55  32
 13  56  33
 13  58  33
 13  59  33
 13  60  34
 13  61  34
 13  62  34
 13  63  35
 13  64  35
 13  65  35
 12  66  35
 12  68  36
 12  69  36
 12  70  36
 12  71  36
 11  72  36
 11  73  37
 11  74  37
 10  75  37
 10  76  37
 10  78  37
 10  79  37
  9  80  37
  9  81  37
  8  82  37
  8  83  38
  8  84  38
  7  85  38
  7  87  38
  7  88  37
  6  89  37
  6  90  37
  6  91  37
  5  92  37
  5  93  37
  5  94  37
  5  95  37
  4  97  37
  4  98  36
  4  99  36
  4 100  36
  4 101  36
  4 102  35
  4 103  35
  4 104  35
  4 105  34
  4 106  34
  4 108  34
  5 109  33
  5 110  33
  5 111  32
  6 112  32
  7 113  31
  8 114  31
  8 115  30
 10 116  29
 11 117  28
 12 118  28
 13 120  27
 15 121  26
 16 122  25
 18 123  24
 20 124  23
 21 125  22
 23 126  21
 25 127  20
 27 128  18
 29 129  17
 31 130  15
 33 131  13
 36 132  11
 38 133   9
 41 134   7
 44 135   5
 47 135   4
 50 136   2
 53 137   1
 56 138   1
 59 139   1
 62 139   2
 65 140   3
 68 141   5
 71 141   8
 73 142  11
 76 143  14
 78 144  17
 81 144  19
 83 145  22
 85 146  25
 87 147  27
 89 147  29
 91 148  32
 93 149  34
 95 150  37
 97 151  39
 99 151  41
101 152  43
103 153  45
104 154  48
106 155  50
108 155  52
109 156  54
111 157  56
113 158  58
114 159  60
116 159  63
118 160  65
119 161  67
121 162  69
122 163  71
124 164  73
126 165  75
127 165  77
129 166  79
130 167  81
132 168  83
133 169  85
135 170  87
136 171  89
138 171  91
139 172  93
141 173  95
142 174  97
144 175  99
145 176 101
147 177 103
148 178 105
150 179 107
151 179 110
152 180 112
154 181 114
155 182 116
157 183 118
158 184 120
160 185 122
161 186 124
163 187 126
164 188 128
165 189 130
167 190 132
168 191 134
170 192 136
171 193 138
173 193 140
174 194 142
175 195 144
177 196 146
178 197 148
180 198 150
181 199 152
183 200 155
184 201 157
185 202 159
187 203 161
188 204 163
190 205 165
191 206 167
192 207 169
194 208 171
195 209 173
197 210 175
198 211 177
200 212 179
201 213 181
202 214 183
204 215 186
205 217 188
207 218 190
208 219 192
210 220 194
211 221 196
212 222 198
214 223 200
215 224 202
217 225 204
218 226 206
220 227 208
221 228 210
223 230 212
224 231 215
225 232 217
227 233 219
228 234 221
230 235 223
231 236 225
233 237 227
234 239 229
236 240 231
237 241 233
239 242 235
240 243 237
242 244 239
243 246 241
245 247 243
246 248 245
248 249 246
250 250 248
251 252 250
253 253 252
254 254 254
256 256 256
