# table rgb (light)
  0   0   0
  0   1   5
  0   2  13
  0   4  21
  0   5  27
  0   6  34
  0   6  39
  0   7  45
  0   8  51
  0  10  55
  0  11  59
  0  12  63
  0  12  67
  0  13  71
  0  14  75
  0  16  77
  0  17  81
  0  18  84
  0  19  87
  0  19  89
  0  20  91
  0  21  95
  0  23  97
  0  24 100
  0  25 102
  1  25 104
  2  26 107
  4  27 109
  4  29 110
  5  30 113
  6  31 114
  6  31 116
  6  32 119
  7  33 120
  8  34 122
 11  36 123
 12  37 126
 12  38 127
 14  38 128
 17  39 129
 19  40 132
 20  42 133
 23  43 135
 25  44 136
 26  44 138
 30  45 140
 32  46 140
 36  48 141
 38  49 142
 42  50 144
 45  51 146
 48  51 147
 51  52 148
 55  53 150
 58  55 151
 63  56 152
 67  57 153
 70  57 153
 75  58 154
 78  59 155
 83  61 157
 89  62 158
 94  63 159
 97  63 160
102  64 161
106  65 163
110  67 164
115  68 165
120  69 165
123  70 166
127  70 166
132  71 167
134  72 169
140  74 170
144  75 171
147  76 172
151  76 172
153  77 173
158  78 174
160  80 176
163  81 176
165  82 177
167  82 178
171  83 178
172  84 178
176  85 179
178  87 180
179  88 182
182  89 182
184  89 183
185  90 184
187  91 184
190  93 185
191  94 186
193  95 186
196  95 187
197  96 189
198  97 189
201  99 190
203 100 190
204 101 191
205 102 191
206 102 191
209 103 192
210 104 193
210 106 193
212 107 195
214 108 195
215 108 196
216 109 196
216 110 197
217 112 198
218 113 198
220 114 199
221 114 199
222 115 201
223 116 201
223 118 202
224 119 202
225 120 203
227 121 203
228 121 204
229 122 204
229 123 204
229 125 204
230 126 205
231 127 205
233 127 206
233 128 206
234 129 208
235 131 208
235 132 209
235 133 209
236 133 210
236 134 210
237 135 211
238 136 211
238 138 212
238 139 212
240 140 214
240 140 214
241 141 214
241 142 215
242 144 215
242 145 216
242 146 216
242 146 216
242 147 216
243 148 217
243 150 217
244 151 217
244 152 218
244 153 218
246 153 220
246 154 220
246 155 220
247 157 221
247 158 221
248 159 222
248 159 222
248 160 222
248 161 223
248 163 223
249 164 224
249 165 224
249 165 224
250 166 225
250 167 225
250 169 227
252 170 227
252 171 227
252 172 228
253 172 228
253 173 228
253 174 229
253 176 229
253 177 229
254 178 229
254 178 229
254 179 230
254 180 230
254 182 230
254 183 231
254 184 231
254 184 231
254 185 233
254 186 233
254 187 233
254 189 234
254 190 234
254 191 234
254 191 235
254 192 235
254 193 235
254 195 236
254 196 236
254 197 236
254 197 237
254 198 237
254 199 237
254 201 238
255 202 238
255 203 238
255 204 240
255 204 240
255 205 240
255 206 240
255 208 241
255 209 241
255 210 241
255 210 242
255 211 242
255 212 242
255 214 242
255 215 242
255 216 242
255 216 243
255 217 243
255 218 243
255 220 243
255 221 244
255 222 244
255 223 244
255 223 246
255 224 246
255 225 246
255 227 246
255 228 247
255 229 247
255 229 247
255 230 248
255 231 248
255 233 248
255 234 248
255 235 249
255 235 249
255 236 249
255 237 249
255 238 250
255 240 250
255 241 250
255 242 252
255 242 252
255 243 252
255 244 252
255 246 253
255 247 253
255 248 253
255 248 253
255 249 254
255 250 254
255 252 254
255 253 254
255 254 255
  0   0 255
  0   0 255
