# table rgb (light_green)
  0   0   0
  0   2  13
  0   5  27
  0   6  39
  0   8  51
  0  11  59
  0  12  67
  0  14  75
  0  17  81
  0  19  87
  0  20  91
  0  23  97
  0  25 102
  2  26 107
  4  29 110
  6  31 114
  6  32 119
  8  34 122
 11  37 126
 14  38 128
 19  40 132
 23  43 135
 26  44 138
 32  46 140
 38  49 142
 45  51 146
 51  52 148
 58  55 151
 67  57 153
 75  58 154
 84  61 157
 94  63 159
103  64 161
111  67 164
120  69 165
128  70 166
135  72 169
144  75 171
151  76 172
158  78 174
163  81 176
168  82 178
173  84 178
178  87 180
182  89 182
185  90 184
190  93 185
194  95 186
197  96 189
201  99 190
204 101 191
207 102 191
209 104 192
212 107 195
215 108 196
216 110 197
218 113 198
221 114 199
222 116 201
224 119 202
227 120 203
229 122 203
229 125 204
232 127 205
233 128 207
235 131 208
235 133 209
236 134 210
238 137 211
239 139 213
240 140 213
241 143 214
241 145 216
241 146 215
242 149 217
244 151 217
245 152 219
245 154 219
246 157 220
248 158 222
248 160 222
248 163 223
248 164 223
250 166 224
251 169 227
251 171 227
253 172 227
253 175 229
253 177 229
253 178 229
253 181 229
253 183 231
253 184 232
253 186 232
254 189 234
254 190 234
254 192 234
254 195 236
254 196 236
254 198 236
254 201 238
254 203 239
254 204 240
254 207 240
254 209 240
254 210 242
254 213 241
254 215 241
254 216 243
254 219 242
254 221 244
255 222 245
255 224 246
255 227 246
255 228 246
255 230 248
255 233 247
255 234 249
255 236 248
255 239 250
255 241 251
255 242 252
255 245 252
255 247 253
255 248 253
255 251 254
254 253 254
255 255 255
  0   0   0
  0   1   0
  0   4   0
  0   6   0
  0   7   0
  0  10   0
  0  12   0
  0  13   0
  0  16   0
  0  18   0
  0  19   0
  0  21   0
  0  24   0
  0  25   0
  0  27   0
  0  30   0
  0  31   0
  0  33   0
  0  36   0
  0  38   0
  0  39   0
  0  42   0
  0  44   0
  0  45   0
  0  48   0
  0  50   0
  0  51   0
  0  53   0
  0  56   0
  0  57   0
  0  59   0
  0  62   0
  0  63   0
  0  65   0
  0  68   0
  0  70   0
  0  71   0
  0  74   0
  0  76   0
  0  77   0
  0  80   0
  0  82   0
  0  83   0
  0  85   0
  0  88   0
  0  89   0
  0  91   0
  0  94   0
  0  95   0
  0  97   0
  0 100   0
  0 102   0
  0 103   0
  0 106   0
  0 108   0
  0 109   0
  0 112   0
  0 114   0
  0 115   0
  0 118   0
  0 120   0
  0 121   0
  0 123   0
  0 126   0
  0 127   0
  0 130   0
  0 132   0
  0 133   0
  0 135   0
  0 138   0
  0 139   0
  0 141   0
  0 144   0
  0 145   0
  0 147   0
  0 150   0
  0 152   0
  0 153   0
  0 156   0
  0 158   0
  0 159   0
  0 162   0
  0 164   0
  0 165   0
  0 168   0
  0 170   0
  0 171   0
  0 173   0
  0 176   0
  0 177   0
  0 179   0
  0 182   0
  0 183   0
  0 185   0
  0 188   0
  0 190   0
  0 191   0
  0 194   0
  0 196   0
  0 197   0
  0 200   0
  0 202   0
  0 203   0
  0 205   0
  0 208   0
  0 209   0
  0 211   0
  0 214   0
  0 215   0
  0 217   0
  0 220   0
  0 222   0
  0 223   0
  0 226   0
  0 228   0
  0 229   0
  0 232   0
  0 234   0
  0 235   0
  0 237   0
  0 240   0
  0 241   0
  0 243   0
  0 246   0
  0 247   0
  0 249   0
  0 252   0
  0 255   1
