#  /home/revaz/pgm/python/Nbody/Nbody/lut/lut0.bin
  0   0  90
  0   0 106
  0   0 121
  0   0 137
  0   0 153
  0   0 169
  0   0 184
  0   0 200
  4   0 202
  8   0 205
 12   0 207
 16   0 210
 20   0 212
 24   0 214
 28   0 217
 32   0 219
 36   0 222
 40   7 224
 45  14 226
 49  21 229
 53  29 231
 57  36 233
 61  43 236
 65  50 238
 69  57 241
 73  64 243
 77  71 245
 81  79 248
 85  86 250
 89  93 253
 93 100 255
 97  97 255
101  93 255
105  90 255
109  87 255
113  83 255
117  80 255
121  77 255
125  73 255
130  70 255
134  67 255
138  63 255
142  60 255
146  57 255
150  53 255
154  50 255
158  47 255
162  43 255
166  40 255
170  37 255
174  33 255
178  30 254
182  27 252
186  23 251
190  20 250
194  17 248
198  13 247
202  10 245
206   7 244
210   3 243
215   0 241
219   0 240
223   0 239
227   0 237
231   0 236
235   0 234
239   0 233
243   0 232
247   0 230
251   0 229
255   0 228
255   0 226
255   0 225
255   0 223
255   0 222
255   0 221
255   0 219
255   0 218
255   0 217
255   0 215
255   0 214
255   0 212
255   0 211
255   0 210
255   0 208
255   0 207
255   0 206
255   0 204
255   0 203
255   0 201
255   0 200
255   3 199
255   6 197
255  10 196
255  13 195
255  16 193
255  19 192
255  22 190
255  26 189
255  29 188
255  32 186
255  35 185
255  38 184
255  41 182
255  45 181
255  48 179
255  51 178
255  54 177
255  57 175
255  61 174
255  64 173
255  67 171
255  70 170
255  73 168
255  77 167
255  80 166
255  83 164
255  86 163
255  89 162
255  92 160
255  96 159
255  99 157
255 102 156
255 105 155
255 108 153
255 112 152
255 115 151
255 118 149
255 121 148
255 124 146
255 128 145
255 131 144
255 134 142
255 137 141
255 140 140
255 143 138
255 147 137
255 150 135
255 153 134
255 156 133
255 159 131
255 163 130
255 166 129
255 169 127
255 172 126
255 175 124
255 179 123
255 182 122
255 185 120
255 188 119
255 191 118
255 194 116
255 198 115
255 201 113
255 204 112
255 207 111
255 210 109
255 214 108
255 217 107
255 220 105
255 223 104
255 226 102
255 230 101
255 233 100
255 236  98
255 239  97
255 242  96
255 245  94
255 249  93
255 252  91
255 255  90
255 255  92
255 255  94
255 255  96
255 255  98
255 255 100
255 255 102
255 255 104
255 255 106
255 255 107
255 255 109
255 255 111
255 255 113
255 255 115
255 255 117
255 255 119
255 255 121
255 255 123
255 255 125
255 255 127
255 255 129
255 255 131
255 255 133
255 255 135
255 255 137
255 255 139
255 255 140
255 255 142
255 255 144
255 255 146
255 255 148
255 255 150
255 255 152
255 255 154
255 255 156
255 255 158
255 255 160
255 255 162
255 255 164
255 255 166
255 255 168
255 255 170
255 255 172
255 255 173
255 255 175
255 255 177
255 255 179
255 255 181
255 255 183
255 255 185
255 255 187
255 255 189
255 255 191
255 255 193
255 255 195
255 255 197
255 255 199
255 255 201
255 255 203
255 255 205
255 255 206
255 255 208
255 255 210
255 255 212
255 255 214
255 255 216
255 255 218
255 255 220
255 255 222
255 255 224
255 255 226
255 255 228
255 255 230
255 255 232
255 255 234
255 255 236
255 255 238
255 255 239
255 255 241
255 255 243
255 255 245
255 255 247
255 255 249
255 255 251
255 255 253
255 255 255
