#  /home/revaz/pgm/python/Nbody/Nbody/lut/lut1.bin
  0   0  69
  0   0  75
  0   0  80
  0   0  86
  0   0  92
  0   0  99
  0   0 106
  0   0 113
  0   0 120
  0   0 127
  1   0 135
  1   0 142
  2   0 149
  3   0 155
  4   0 161
  5   0 166
  6   0 171
  8   0 176
  9   0 180
 11   0 184
 13   0 188
 15   0 191
 17   0 195
 19   0 198
 21   0 200
 23   0 203
 26   0 205
 28   0 207
 31   0 209
 33   0 211
 36   0 213
 38   0 215
 41   0 217
 43   0 218
 46   0 220
 48   0 222
 51   0 223
 53   0 225
 56   0 226
 58   0 227
 61   0 229
 63   0 230
 66   0 231
 68   0 232
 71   0 234
 73   0 235
 76   0 236
 78   0 237
 81   0 238
 83   0 239
 86   0 240
 88   0 241
 91   0 241
 93   0 242
 96   0 243
 98   0 244
101   0 245
103   0 245
106   0 246
108   0 247
111   0 247
113   0 248
116   0 249
118   0 249
121   0 250
123   0 250
126   0 251
128   0 251
131   0 252
133   0 252
136   0 252
138   0 253
141   0 253
143   0 253
146   0 253
148   0 254
151   0 254
153   0 254
156   0 254
158   0 254
161   0 254
163   0 254
166   0 254
168   0 255
171   0 255
173   0 255
176   0 255
178   0 255
181   0 255
183   0 255
186   0 255
188   0 255
191   0 255
193   0 255
196   0 255
198   0 255
201   0 255
203   0 255
206   0 255
208   0 255
211   0 255
213   0 254
216   0 254
218   0 254
221   1 253
223   2 253
226   3 252
228   4 251
231   5 250
233   6 248
235   8 247
238   9 246
240  11 245
241  13 243
243  15 242
245  18 240
246  20 239
248  22 237
249  25 236
250  28 234
251  31 233
252  34 231
253  37 229
253  40 228
254  43 227
254  46 226
254  49 224
255  52 224
255  55 223
255  58 222
255  61 221
255  64 220
255  67 219
255  70 219
255  73 218
255  76 217
255  79 216
255  82 215
255  85 214
255  88 213
255  91 212
255  94 211
255  97 211
255 100 210
255 103 209
255 106 208
255 109 207
255 112 206
255 115 205
255 118 204
255 121 203
255 124 202
255 127 201
255 130 200
255 133 199
255 136 198
255 139 197
255 142 196
255 145 195
255 148 194
255 151 193
255 154 192
255 157 191
255 160 190
255 163 189
255 166 188
255 169 187
255 172 185
255 175 184
255 178 183
255 181 182
255 184 181
255 187 180
255 190 179
255 193 178
255 196 177
255 199 176
255 202 174
255 205 173
255 208 172
255 211 171
255 214 170
255 217 169
255 220 168
255 223 166
255 226 165
255 229 164
255 232 163
255 234 163
255 237 162
255 239 162
255 241 161
255 243 161
255 245 161
255 246 161
255 248 162
255 249 162
255 250 163
255 251 163
255 252 164
255 253 165
255 254 166
255 254 168
255 254 169
255 255 171
255 255 173
255 255 174
255 255 176
255 255 178
255 255 179
255 255 181
255 255 183
255 255 185
255 255 186
255 255 188
255 255 190
255 255 191
255 255 193
255 255 195
255 255 197
255 255 198
255 255 200
255 255 202
255 255 203
255 255 205
255 255 207
255 255 208
255 255 210
255 255 212
255 255 213
255 255 215
255 255 217
255 255 218
255 255 220
255 255 222
255 255 223
255 255 225
255 255 226
255 255 228
255 255 230
255 255 231
255 255 233
255 255 235
255 255 236
255 255 238
255 255 239
255 255 241
255 255 242
255 255 244
255 255 245
255 255 247
255 255 248
255 255 249
255 255 251
255 255 252
255 255 254
