#  /home/revaz/pgm/python/Nbody/Nbody/lut/lut2.bin
  0   0 132
  0   0 138
  0   0 142
  0   0 148
  0   0 153
  0   0 158
  0   0 164
  0   0 169
  0   0 175
  0   0 180
 16   0 185
 16   0 190
 22   0 195
 27   0 198
 32   0 202
 35   0 205
 39   0 208
 45   0 211
 48   0 214
 53   0 216
 57   0 219
 61   0 220
 65   0 223
 69   0 224
 73   0 225
 76   0 227
 81   0 228
 84   0 229
 89   0 230
 91   0 232
 95   0 233
 98   0 234
102   0 235
104   0 235
108   0 236
110   0 238
114   0 238
116   0 239
119   0 240
121   0 240
124   0 241
126   0 242
129   0 242
131   0 243
134   0 244
136   0 244
139   0 245
141   0 245
143   0 246
145   0 246
148   0 247
149   0 248
152   0 248
154   0 248
156   0 249
158   0 249
160   0 250
162   0 250
164   0 250
166   0 251
168   0 251
169   0 251
172   0 252
173   0 252
175   0 252
177   0 252
179   0 253
180   0 253
182   0 253
184   0 253
186   0 253
187   0 254
189   0 254
191   0 254
193   0 254
194   0 254
196   0 254
197   0 254
199   0 254
200   0 254
202   0 254
203   0 254
205   0 254
207   0 255
208   0 255
210   0 255
211   0 255
213   0 255
214   0 255
216   0 255
217   0 255
219   0 255
220   0 255
221   0 255
223   0 255
224   0 255
226   0 255
227   0 255
229   0 255
230   0 255
232   0 255
233   0 254
234   0 254
235   0 254
237  16 254
238  22 254
240  27 253
241  32 253
242  35 252
243  39 251
244  45 251
246  48 250
247  53 250
248  57 249
249  61 248
250  67 247
250  71 246
251  74 245
252  79 245
252  84 244
253  89 243
253  93 242
254  97 241
254 101 241
254 104 240
254 108 240
254 111 239
255 115 239
255 118 238
255 121 238
255 124 237
255 127 236
255 130 236
255 133 236
255 136 235
255 139 235
255 142 234
255 144 234
255 147 233
255 149 233
255 152 232
255 154 232
255 157 232
255 159 231
255 162 230
255 164 230
255 166 229
255 169 229
255 171 228
255 173 228
255 175 227
255 177 227
255 180 226
255 182 225
255 184 225
255 186 224
255 188 224
255 190 223
255 192 223
255 194 222
255 196 221
255 198 221
255 200 220
255 202 220
255 203 219
255 205 219
255 207 218
255 209 217
255 211 216
255 213 216
255 214 215
255 216 214
255 218 214
255 220 213
255 221 213
255 223 212
255 225 211
255 227 210
255 228 210
255 230 209
255 232 208
255 233 208
255 235 207
255 236 207
255 238 205
255 240 205
255 241 204
255 243 203
255 244 203
255 245 203
255 246 203
255 248 202
255 249 202
255 250 202
255 250 202
255 251 203
255 252 203
255 252 203
255 253 203
255 253 204
255 254 205
255 254 205
255 254 207
255 254 207
255 255 208
255 255 210
255 255 210
255 255 211
255 255 213
255 255 213
255 255 214
255 255 216
255 255 217
255 255 217
255 255 219
255 255 220
255 255 220
255 255 221
255 255 223
255 255 224
255 255 224
255 255 225
255 255 227
255 255 227
255 255 228
255 255 229
255 255 230
255 255 231
255 255 232
255 255 233
255 255 234
255 255 235
255 255 235
255 255 236
255 255 238
255 255 238
255 255 239
255 255 240
255 255 241
255 255 242
255 255 242
255 255 243
255 255 244
255 255 245
255 255 246
255 255 246
255 255 248
255 255 248
255 255 249
255 255 250
255 255 251
255 255 251
255 255 252
255 255 253
255 255 253
255 255 254
