#  /home/revaz/pgm/python/Nbody/Nbody/lut/lut5.bin
  0   0   0
  0   0   6
  0   0  12
  0   0  18
  0   0  24
  0   0  30
  0   0  36
  0   0  42
  0   0  48
  0   0  54
  0   0  60
  0   0  66
  0   0  72
  0   0  78
  0   0  84
  0   0  90
  0   0  96
  0   0 102
  0   0 108
  0   0 114
  0   0 120
  0   0 126
  0   0 132
  0   0 138
  0   0 144
  0   0 150
  0   0 156
  0   0 162
  0   0 168
  0   0 174
  0   0 180
  0   0 186
  0   0 192
  0   0 198
  0   0 204
  0   0 210
  0   0 216
  0   0 222
  0   0 228
  0   0 234
  0   0 240
  0   0 246
  0   0 252
  3   0 252
  9   0 246
 15   0 240
 21   0 234
 27   0 228
 33   0 222
 39   0 216
 45   0 210
 51   0 204
 57   0 198
 63   0 192
 69   0 186
 75   0 180
 81   0 174
 87   0 168
 93   0 162
 99   0 156
105   0 150
111   0 144
117   0 138
123   0 132
129   0 126
135   0 120
141   0 114
147   0 108
153   0 102
159   0  96
165   0  90
171   0  84
177   0  78
183   0  72
189   0  66
195   0  60
201   0  54
207   0  48
213   0  42
219   0  36
225   0  30
231   0  24
237   0  18
243   0  12
249   0   6
255   0   0
255   0   6
255   0  12
255   0  18
255   0  24
255   0  30
255   0  36
255   0  42
255   0  48
255   0  54
255   0  60
255   0  66
255   0  72
255   0  78
255   0  84
255   0  90
255   0  96
255   0 102
255   0 108
255   0 114
255   0 120
255   0 126
255   0 132
255   0 138
255   0 144
255   0 150
255   0 156
255   0 162
255   0 168
255   0 174
255   0 180
255   0 186
255   0 192
255   0 198
255   0 204
255   0 210
255   0 216
255   0 222
255   0 228
255   0 234
255   0 240
255   0 246
255   0 252
252   3 255
246   9 255
240  15 255
234  21 255
228  27 255
222  33 255
216  39 255
210  45 255
204  51 255
198  57 255
192  63 255
186  69 255
180  75 255
174  81 255
168  87 255
162  93 255
156  99 255
150 105 255
144 111 255
138 117 255
132 123 255
126 129 255
120 135 255
114 141 255
108 147 255
102 153 255
 96 159 255
 90 165 255
 84 171 255
 78 177 255
 72 183 255
 66 189 255
 60 195 255
 54 201 255
 48 207 255
 42 213 255
 36 219 255
 30 225 255
 24 231 255
 18 237 255
 12 243 255
  6 249 255
  0 255 255
  6 255 249
 12 255 243
 18 255 237
 24 255 231
 30 255 225
 36 255 219
 42 255 213
 48 255 207
 54 255 201
 60 255 195
 66 255 189
 72 255 183
 78 255 177
 84 255 171
 90 255 165
 96 255 159
102 255 153
108 255 147
114 255 141
120 255 135
126 255 129
132 255 123
138 255 117
144 255 111
150 255 105
156 255  99
162 255  93
168 255  87
174 255  81
180 255  75
186 255  69
192 255  63
198 255  57
204 255  51
210 255  45
216 255  39
222 255  33
228 255  27
234 255  21
240 255  15
246 255   9
252 255   3
255 255   3
255 255   9
255 255  15
255 255  21
255 255  27
255 255  33
255 255  39
255 255  45
255 255  51
255 255  57
255 255  63
255 255  69
255 255  75
255 255  81
255 255  87
255 255  93
255 255  99
255 255 105
255 255 111
255 255 117
255 255 123
255 255 129
255 255 135
255 255 141
255 255 147
255 255 153
255 255 159
255 255 165
255 255 171
255 255 177
255 255 183
255 255 189
255 255 195
255 255 201
255 255 207
255 255 213
255 255 219
255 255 225
255 255 231
255 255 237
255 255 243
255 255 249
255 255 255
