# table rgb (manycol)
 89  89  89
 89  89  89
 89  89  89
 89  89  89
 89  89  89
 89  89  89
 89  89  89
 89  89  89
 89  89  89
 89  89  89
114 199 235
114 199 235
114 199 235
114 199 235
114 199 235
114 199 235
114 199 235
114 199 235
114 199 235
  0   0 255
  0   0 255
  0   0 255
  0   0 255
  0   0 255
  0   0 255
  0   0 255
  0   0 255
  0   0 255
  0 176   0
  0 176   0
  0 176   0
  0 176   0
  0 176   0
  0 176   0
  0 176   0
  0 176   0
255   0   0
255   0   0
255   0   0
255   0   0
255   0   0
255   0   0
255   0   0
255   0   0
255   0   0
255 176   0
255 176   0
255 176   0
255 176   0
255 176   0
255 176   0
255 176   0
255 176   0
255 176   0
255 255   0
255 255   0
255 255   0
255 255   0
255 255   0
255 255   0
255 255   0
255 255   0
255 255   0
  0 224   0
  0 224   0
  0 224   0
  0 224   0
  0 224   0
  0 224   0
  0 224   0
  0 224   0
  0 224   0
184   0 184
184   0 184
184   0 184
184   0 184
184   0 184
184   0 184
184   0 184
184   0 184
184   0 184
255 255 255
255 255 255
255 255 255
255 255 255
255 255 255
255 255 255
255 255 255
255 255 255
255 255 255
255 255 255
 89  89  89
 89  89  89
 89  89  89
 89  89  89
 89  89  89
 89  89  89
 89  89  89
 89  89  89
 89  89  89
 89  89  89
114 199 235
114 199 235
114 199 235
114 199 235
114 199 235
114 199 235
114 199 235
114 199 235
114 199 235
  0   0 255
  0   0 255
  0   0 255
  0   0 255
  0   0 255
  0   0 255
  0   0 255
  0   0 255
  0   0 255
  0 176   0
  0 176   0
  0 176   0
  0 176   0
  0 176   0
  0 176   0
  0 176   0
  0 176   0
  0 176   0
255   0   0
255   0   0
255   0   0
255   0   0
255   0   0
255   0   0
255   0   0
255   0   0
255   0   0
255 176   0
255 176   0
255 176   0
255 176   0
255 176   0
255 176   0
255 176   0
255 176   0
255 255   0
255 255   0
255 255   0
255 255   0
255 255   0
255 255   0
255 255   0
255 255   0
255 255   0
  0 224   0
  0 224   0
  0 224   0
  0 224   0
  0 224   0
  0 224   0
  0 224   0
  0 224   0
  0 224   0
184   0 184
184   0 184
184   0 184
184   0 184
184   0 184
184   0 184
184   0 184
184   0 184
184   0 184
255 255 255
255 255 255
255 255 255
255 255 255
255 255 255
255 255 255
255 255 255
255 255 255
255 255 255
255 255 255
 89  89  89
 89  89  89
 89  89  89
 89  89  89
 89  89  89
 89  89  89
 89  89  89
 89  89  89
 89  89  89
 89  89  89
114 199 235
114 199 235
114 199 235
114 199 235
114 199 235
114 199 235
114 199 235
114 199 235
114 199 235
  0   0 255
  0   0 255
  0   0 255
  0   0 255
  0   0 255
  0   0 255
  0   0 255
  0   0 255
  0   0 255
  0 176   0
  0 176   0
  0 176   0
  0 176   0
  0 176   0
  0 176   0
  0 176   0
  0 176   0
  0 176   0
255   0   0
255   0   0
255   0   0
255   0   0
255   0   0
255   0   0
255   0   0
255   0   0
255   0   0
255 176   0
255 176   0
255 176   0
255 176   0
255 176   0
255 176   0
255 176   0
255 176   0
255 176   0
255 255   0
255 255   0
255 255   0
255 255   0
255 255   0
255 255   0
255 255   0
255 255   0
  0 224   0
  0 224   0
  0 224   0
  0 224   0
  0 224   0
  0 224   0
  0 224   0
  0 224   0
  0 224   0
184   0 184
184   0 184
