# table rgb (ocean (cmasher))
 28   0  64
 28   1  65
 29   2  67
 29   3  68
 30   5  69
 30   6  70
 31   8  71
 31   9  72
 31  11  73
 32  12  75
 32  13  76
 33  15  77
 33  16  78
 33  17  79
 34  19  80
 34  20  81
 34  21  83
 35  22  84
 35  24  85
 35  25  86
 35  26  87
 36  27  88
 36  28  89
 36  30  90
 36  31  91
 37  32  92
 37  33  93
 37  34  94
 37  35  95
 37  36  96
 37  37  97
 38  39  98
 38  40  99
 38  41 100
 38  42 101
 38  43 102
 38  44 103
 38  45 104
 38  46 105
 38  47 106
 38  48 107
 38  50 108
 38  51 109
 38  52 110
 38  53 111
 38  54 111
 38  55 112
 38  56 113
 38  57 114
 38  58 115
 38  59 116
 38  60 116
 38  61 117
 38  63 118
 38  64 119
 38  65 120
 38  66 120
 38  67 121
 38  68 122
 37  69 123
 37  70 123
 37  71 124
 37  72 125
 37  73 125
 37  74 126
 37  75 127
 37  76 127
 37  77 128
 37  78 129
 37  79 129
 37  81 130
 36  82 130
 36  83 131
 36  84 132
 36  85 132
 36  86 133
 36  87 133
 36  88 134
 36  89 134
 36  90 135
 36  91 136
 36  92 136
 36  93 137
 36  94 137
 36  95 138
 36  96 138
 37  97 139
 37  98 139
 37  99 140
 37 100 140
 37 101 141
 37 102 141
 37 103 142
 38 104 142
 38 105 143
 38 106 143
 38 107 143
 39 108 144
 39 109 144
 39 110 145
 40 111 145
 40 112 146
 40 113 146
 41 114 147
 41 115 147
 41 116 147
 42 117 148
 42 118 148
 43 119 149
 43 120 149
 44 121 149
 44 122 150
 45 123 150
 45 124 151
 46 125 151
 47 126 151
 47 127 152
 48 128 152
 48 129 153
 49 130 153
 50 131 153
 50 132 154
 51 133 154
 52 134 155
 53 135 155
 53 136 155
 54 137 156
 55 138 156
 56 139 157
 56 140 157
 57 141 157
 58 142 158
 59 143 158
 60 144 158
 61 145 159
 61 146 159
 62 147 159
 63 148 160
 64 149 160
 65 150 161
 66 151 161
 67 152 161
 68 153 162
 69 154 162
 70 155 162
 71 156 163
 72 157 163
 73 158 163
 74 159 164
 75 160 164
 77 161 164
 78 162 165
 79 163 165
 80 164 165
 81 165 166
 82 166 166
 84 167 166
 85 168 167
 86 169 167
 88 170 167
 89 171 168
 90 172 168
 92 173 168
 93 174 169
 94 175 169
 96 176 169
 97 177 170
 99 178 170
100 178 170
102 179 171
103 180 171
105 181 171
107 182 172
108 183 172
110 184 172
112 185 173
114 186 173
115 187 174
117 187 174
119 188 175
121 189 175
123 190 176
125 191 176
126 192 177
128 192 177
130 193 178
132 194 178
134 195 179
136 196 180
138 197 180
140 197 181
142 198 182
144 199 182
146 200 183
148 201 184
150 201 185
152 202 186
154 203 187
156 204 187
158 205 188
160 205 189
161 206 190
163 207 191
165 208 192
167 209 193
169 209 194
171 210 195
173 211 196
175 212 197
176 213 198
178 213 199
180 214 200
182 215 201
184 216 203
186 217 204
187 218 205
189 219 206
191 219 207
193 220 208
194 221 209
196 222 211
198 223 212
200 224 213
201 225 214
203 225 215
205 226 217
207 227 218
208 228 219
210 229 220
212 230 222
214 231 223
215 232 224
217 233 225
219 234 227
220 235 228
222 236 229
224 236 230
226 237 232
227 238 233
229 239 234
231 240 236
232 241 237
234 242 238
236 243 240
237 244 241
239 245 242
241 246 244
242 247 245
244 248 246
246 249 248
247 250 249
249 251 250
251 252 252
252 253 253
254 254 254
256 256 256
