# table rgb (pastel)
  0   0   0
  0   0 255
  5   0 249
 13   0 241
 21   0 233
 27   0 227
 34   0 220
 39   0 215
 45   0 209
 51   1 204
 55   1 199
 59   1 195
 63   1 191
 67   2 187
 71   2 183
 75   2 179
 77   2 177
 81   2 173
 84   4 170
 87   4 167
 89   4 165
 91   4 163
 95   5 159
 97   5 157
100   5 154
102   5 153
104   6 150
107   6 147
109   6 145
110   6 144
113   6 141
114   6 140
116   6 138
119   7 135
120   7 134
122   7 132
123   8 131
126   8 128
127   8 127
128   8 126
129  11 125
132  11 122
133  11 121
135  12 119
136  12 118
138  12 116
140  12 114
140  12 114
141  12 113
142  13 112
144  13 110
146  13 108
147  14 107
148  14 106
150  14 104
151  16 103
152  16 102
153  16 102
153  17 101
154  17 100
155  17  99
157  18  97
158  18  96
159  19  95
160  19  94
161  19  93
163  19  91
164  19  90
165  20  89
165  20  89
166  20  88
166  21  88
167  21  87
169  23  85
170  23  84
171  23  83
172  24  82
172  24  82
173  25  81
174  25  80
176  25  78
176  25  78
177  26  77
178  26  76
178  27  76
178  27  76
179  27  75
180  30  74
182  30  72
182  31  72
183  31  71
184  31  70
184  31  70
185  32  69
186  32  68
186  33  68
187  34  67
189  34  65
189  36  65
190  36  64
190  37  64
191  37  63
191  38  63
191  38  63
192  38  62
193  39  61
193  39  61
195  40  59
195  40  59
196  42  58
196  43  58
197  43  57
198  44  56
198  44  56
199  44  55
199  45  55
201  45  53
201  46  53
202  48  52
202  48  52
203  50  51
203  51  51
204  51  51
204  51  51
204  52  50
204  52  50
205  53  49
205  55  49
206  56  48
206  56  48
208  57  46
208  57  46
209  58  45
209  58  45
210  59  44
210  61  44
211  62  43
211  62  43
212  63  42
212  63  42
214  64  40
214  65  40
214  67  40
215  67  39
215  69  39
216  70  38
216  70  38
216  71  38
216  72  38
217  74  37
217  75  37
217  76  37
218  76  36
218  76  36
220  77  34
220  78  34
220  80  34
221  81  33
221  82  33
222  82  32
222  84  32
222  85  32
223  87  31
223  88  31
224  89  30
224  89  30
224  90  30
225  91  29
225  93  29
227  95  27
227  95  27
227  96  27
228  97  26
228  99  26
228 100  26
229 102  25
229 102  25
229 103  25
229 104  25
229 107  25
230 108  24
230 108  24
230 110  24
231 112  23
231 113  23
231 114  23
233 115  21
233 116  21
233 119  21
234 120  20
234 121  20
234 122  20
235 125  19
235 126  19
235 127  19
236 128  18
236 131  18
236 132  18
237 133  17
237 134  17
237 136  17
238 138  16
238 140  16
238 141  16
240 142  14
240 145  14
240 146  14
240 147  14
241 150  13
241 152  13
241 153  13
242 154  12
242 157  12
242 159  12
242 160  12
242 161  12
242 164  12
243 165  11
243 167  11
243 170  11
243 172  11
244 173  10
244 176  10
244 178  10
246 179   8
246 182   8
246 184   8
246 185   8
247 187   7
247 190   7
247 191   7
248 193   6
248 197   6
248 198   6
248 201   6
249 203   5
249 204   5
249 208   5
249 210   5
250 211   4
250 215   4
250 216   4
252 220   2
252 222   2
252 223   2
252 227   2
253 229   1
253 231   1
253 234   1
253 236   1
254 240   0
254 242   0
254 244   0
254 248   0
255 249   0
255 253   0
