# table rgb (rainbow4)
  0   0   2
  0   0   6
  0   0  11
  0   0  14
  0   0  19
  0   0  23
  0   0  26
  0   0  31
  0   0  34
  0   0  38
  0   0  43
  0   0  46
  0   0  51
  0   0  53
  0   0  57
  0   0  62
  0   0  65
  0   0  70
  0   0  74
  0   0  77
  0   0  82
  0   0  85
  0   0  89
  0   0  94
  0   0  97
  0   0 102
  0   0 104
  0   0 108
  0   0 113
  0   0 116
  0   0 121
  0   0 125
  0   0 128
  0   0 133
  0   0 136
  0   0 140
  0   0 145
  0   0 148
  0   0 153
  0   0 155
  0   0 159
  0   0 164
  0   0 167
  0   0 172
  0   0 176
  0   0 179
  0   0 184
  0   0 187
  0   0 191
  0   0 196
  0   0 199
  0   0 204
  0   0 206
  0   0 210
  0   0 215
  0   0 218
  0   0 223
  0   0 227
  0   0 230
  0   0 235
  0   0 238
  0   0 242
  0   0 247
  0   0 250
  0   0 255
  0   8 255
  0  18 255
  0  27 255
  0  37 255
  0  45 255
  0  56 255
  0  64 255
  0  75 255
  0  83 255
  0  93 255
  0 102 255
  0 112 255
  0 121 255
  0 127 255
  0 133 255
  0 140 255
  0 146 255
  0 152 255
  0 158 255
  0 164 255
  0 170 255
  0 176 255
  0 182 255
  0 187 255
  0 193 255
  0 199 255
  0 204 255
  0 208 255
  0 211 255
  0 216 255
  0 221 255
  0 224 255
  0 229 255
  0 233 255
  0 237 255
  0 242 255
  0 246 255
  0 249 255
  0 255 255
  0 255 248
  0 255 242
  0 255 236
  0 255 230
  0 255 225
  0 255 220
  0 255 214
  0 255 208
  0 255 203
  0 255 197
  0 255 191
  0 255 184
  0 255 179
  0 255 165
  0 255 152
  0 255 138
  0 255 123
  0 255 109
  0 255  95
  0 255  82
  0 255  69
  0 255  55
  0 255  40
  0 255  26
  0 255  12
  0 255   0
 12 255   0
 26 255   0
 40 255   0
 55 255   0
 69 255   0
 82 255   0
 95 255   0
109 255   0
123 255   0
138 255   0
152 255   0
165 255   0
179 255   0
184 255   0
191 255   0
197 255   0
203 255   0
208 255   0
214 255   0
220 255   0
225 255   0
230 255   0
236 255   0
242 255   0
248 255   0
255 255   0
254 248   0
254 243   0
254 237   0
254 233   0
253 228   0
253 222   0
253 216   0
253 210   0
252 205   0
252 201   0
252 195   0
252 190   0
252 184   0
252 179   0
252 174   0
252 170   0
252 165   0
253 159   0
253 154   0
253 150   0
253 145   0
254 140   0
254 134   0
254 129   0
254 125   0
255 120   0
255 109   0
255 101   0
255  91   0
255  82   0
255  72   0
255  63   0
255  55   0
255  45   0
255  36   0
255  26   0
255  18   0
255   8   0
255   0   0
255   0   0
255   0   0
255   0  12
255   0  26
255   0  40
255   0  55
255   0  69
255   0  82
255   0  95
255   0 109
255   0 123
255   0 138
255   0 152
255   0 165
255   0 179
255   0 184
255   0 191
255   0 197
255   0 203
255   0 208
255   0 214
255   0 220
255   0 225
255   0 230
255   0 236
255   0 242
255   0 248
255   0 255
255   8 255
255  18 255
255  26 255
255  36 255
255  45 255
255  55 255
255  63 255
255  72 255
255  82 255
255  91 255
255 101 255
255 109 255
255 120 255
255 123 255
255 128 255
255 133 255
255 138 255
255 142 255
255 146 255
255 152 255
255 155 255
255 160 255
255 165 255
255 170 255
255 174 255
255 179 255
255 190 255
255 201 255
255 211 255
255 222 255
255 233 255
255 243 255
255 255 255
