# rainbow4lut1
  0   0   2
  0   0  11
  0   0  19
  0   0  26
  0   0  34
  0   0  43
  0   0  51
  0   0  57
  0   0  65
  0   0  74
  0   0  82
  0   0  89
  0   0  97
  0   0 104
  0   0 113
  0   0 121
  0   0 128
  0   0 136
  0   0 145
  0   0 153
  0   0 159
  0   0 167
  0   0 176
  0   0 184
  0   0 191
  0   0 199
  0   0 206
  0   0 215
  0   0 223
  0   0 230
  0   0 238
  0   0 247
  0   0 255
  0  18 255
  0  37 255
  0  56 255
  0  75 255
  0  93 255
  0 112 255
  0 127 255
  0 140 255
  0 152 255
  0 164 255
  0 176 255
  0 187 255
  0 199 255
  0 208 255
  0 216 255
  0 224 255
  0 233 255
  0 242 255
  0 249 255
  0 255 248
  0 255 236
  0 255 225
  0 255 214
  0 255 203
  0 255 191
  0 255 179
  0 255 152
  0 255 123
  0 255  95
  0 255  69
  0 255  40
  0 255  12
 12 255   0
 40 255   0
 69 255   0
 95 255   0
123 255   0
152 255   0
179 255   0
191 255   0
203 255   0
214 255   0
225 255   0
236 255   0
248 255   0
254 248   0
254 237   0
253 228   0
253 216   0
252 205   0
252 195   0
252 184   0
252 174   0
252 165   0
253 154   0
253 145   0
254 134   0
254 125   0
255 109   0
255  91   0
255  72   0
255  55   0
255  36   0
255  18   0
255   0   0
255   0   0
255   0  26
255   0  55
255   0  82
255   0 109
255   0 138
255   0 165
255   0 184
255   0 197
255   0 208
255   0 220
255   0 230
255   0 242
255   0 255
255  18 255
255  36 255
255  55 255
255  72 255
255  91 255
255 109 255
255 123 255
255 133 255
255 142 255
255 152 255
255 160 255
255 170 255
255 179 255
255 201 255
255 222 255
255 243 255
  0   0  69
  0   0  80
  0   0  92
  0   0 106
  0   0 120
  1   0 135
  2   0 149
  4   0 161
  6   0 171
  9   0 180
 13   0 188
 17   0 195
 21   0 200
 26   0 205
 31   0 209
 36   0 213
 41   0 217
 46   0 220
 51   0 223
 56   0 226
 61   0 229
 66   0 231
 71   0 234
 76   0 236
 81   0 238
 86   0 240
 91   0 241
 96   0 243
101   0 245
106   0 246
111   0 247
116   0 249
121   0 250
126   0 251
131   0 252
136   0 252
141   0 253
146   0 253
151   0 254
156   0 254
161   0 254
166   0 254
171   0 255
176   0 255
181   0 255
186   0 255
191   0 255
196   0 255
201   0 255
206   0 255
211   0 255
216   0 254
221   1 253
226   3 252
231   5 250
235   8 247
240  11 245
243  15 242
246  20 239
249  25 236
251  31 233
253  37 229
254  43 227
254  49 224
255  55 223
255  61 221
255  67 219
255  73 218
255  79 216
255  85 214
255  91 212
255  97 211
255 103 209
255 109 207
255 115 205
255 121 203
255 127 201
255 133 199
255 139 197
255 145 195
255 151 193
255 157 191
255 163 189
255 169 187
255 175 184
255 181 182
255 187 180
255 193 178
255 199 176
255 205 173
255 211 171
255 217 169
255 223 166
255 229 164
255 234 163
255 239 162
255 243 161
255 246 161
255 249 162
255 251 163
255 253 165
255 254 168
255 255 171
255 255 174
255 255 178
255 255 181
255 255 185
255 255 188
255 255 191
255 255 195
255 255 198
255 255 202
255 255 205
255 255 208
255 255 212
255 255 215
255 255 218
255 255 222
255 255 225
255 255 228
255 255 231
255 255 235
255 255 238
255 255 241
255 255 244
255 255 247
255 255 249
255 255 252
