# table rgb (rainbow3)
  0   0   0
  0   0   0
  0   0   0
  0   0   0
  0   0   0
  0   0  10
  0   0  19
  0   0  30
  0   0  39
  0   0  51
  0   0  61
  0   0  70
  0   0  81
  0   0  90
  0   0 102
  0   0 112
  0   0 121
  0   0 132
  0   0 141
  0   0 153
  0   0 163
  0   0 172
  0   0 183
  0   0 192
  0   0 204
  0   0 214
  0   0 223
  0   0 234
  0   0 243
  0   0 255
  0   7 255
  0  16 255
  0  24 255
  0  31 255
  0  39 255
  0  48 255
  0  56 255
  0  64 255
  0  72 255
  0  81 255
  0  89 255
  0  96 255
  0 104 255
  0 113 255
  0 121 255
  0 127 255
  0 132 255
  0 136 255
  0 141 255
  0 147 255
  0 153 255
  0 158 255
  0 163 255
  0 167 255
  0 173 255
  0 178 255
  0 184 255
  0 189 255
  0 193 255
  0 199 255
  0 203 255
  0 206 255
  0 210 255
  0 214 255
  0 217 255
  0 222 255
  0 224 255
  0 229 255
  0 233 255
  0 235 255
  0 240 255
  0 243 255
  0 247 255
  0 250 255
  0 255 255
  0 255 249
  0 255 244
  0 255 240
  0 255 235
  0 255 229
  0 255 224
  0 255 220
  0 255 215
  0 255 210
  0 255 204
  0 255 199
  0 255 195
  0 255 190
  0 255 184
  0 255 179
  0 255 167
  0 255 155
  0 255 144
  0 255 132
  0 255 120
  0 255 108
  0 255  95
  0 255  82
  0 255  70
  0 255  58
  0 255  46
  0 255  34
  0 255  23
  0 255  11
  0 255   0
 12 255   0
 24 255   0
 36 255   0
 48 255   0
 59 255   0
 71 255   0
 83 255   0
 95 255   0
108 255   0
120 255   0
132 255   0
144 255   0
155 255   0
167 255   0
179 255   0
184 255   0
190 255   0
195 255   0
199 255   0
204 255   0
210 255   0
215 255   0
220 255   0
224 255   0
229 255   0
235 255   0
240 255   0
244 255   0
249 255   0
255 255   0
254 249   0
254 244   0
254 241   0
254 235   0
254 230   0
253 227   0
253 222   0
253 216   0
253 212   0
253 208   0
252 203   0
252 198   0
252 193   0
252 189   0
252 184   0
252 179   0
252 176   0
252 172   0
252 166   0
253 163   0
253 159   0
253 153   0
253 150   0
253 146   0
254 140   0
254 136   0
254 133   0
254 127   0
254 123   0
255 120   0
255 112   0
255 103   0
255  95   0
255  88   0
255  80   0
255  71   0
255  63   0
255  55   0
255  46   0
255  38   0
255  31   0
255  23   0
255  14   0
255   6   0
255   0   0
255   0   0
255   0   0
255   0   0
255   0   0
255   0   0
255   0   0
255   0   0
255   0   0
255   0   0
255   0   0
255   0   0
255   0   0
255   0   0
255   0   0
255   0   0
255   0  12
255   0  24
255   0  36
255   0  48
255   0  59
255   0  71
255   0  83
255   0  95
255   0 108
255   0 120
255   0 132
255   0 144
255   0 155
255   0 167
255   0 179
255   0 184
255   0 191
255   0 197
255   0 203
255   0 208
255   0 214
255   0 220
255   0 225
255   0 230
255   0 236
255   0 242
255   0 248
255   0 255
255   8 255
255  18 255
255  26 255
255  36 255
255  45 255
255  55 255
255  63 255
255  72 255
255  82 255
255  91 255
255 101 255
255 109 255
255 120 255
255 123 255
255 128 255
255 133 255
255 138 255
255 142 255
255 146 255
255 152 255
255 155 255
255 160 255
255 165 255
255 170 255
255 174 255
255 179 255
255 190 255
255 201 255
255 211 255
255 222 255
255 233 255
255 243 255
255 255 255
