# table rgb (rainbow2)
  0   0   0
  7   0   7
 16   0  16
 24   0  24
 31   0  31
 39   0  39
 48   0  48
 56   0  56
 63   0  63
 71   0  71
 80   0  80
 88   0  88
 95   0  95
103   0 103
112   0 112
120   0 120
127   0 127
135   0 135
144   0 144
152   0 152
159   0 159
167   0 167
176   0 176
184   0 184
191   0 191
199   0 199
208   0 208
216   0 216
223   0 223
231   0 231
240   0 240
248   0 248
255   0 255
247   0 255
238   0 255
230   0 255
223   0 255
215   0 255
206   0 255
198   0 255
191   0 255
183   0 255
174   0 255
166   0 255
159   0 255
151   0 255
142   0 255
134   0 255
127   0 255
119   0 255
110   0 255
102   0 255
 95   0 255
 87   0 255
 78   0 255
 70   0 255
 63   0 255
 55   0 255
 46   0 255
 38   0 255
 31   0 255
 23   0 255
 14   0 255
  6   0 255
  0   0 255
  0   7 255
  0  16 255
  0  24 255
  0  31 255
  0  39 255
  0  48 255
  0  56 255
  0  63 255
  0  71 255
  0  80 255
  0  88 255
  0  95 255
  0 103 255
  0 112 255
  0 120 255
  0 127 255
  0 135 255
  0 144 255
  0 152 255
  0 159 255
  0 167 255
  0 176 255
  0 184 255
  0 191 255
  0 199 255
  0 208 255
  0 216 255
  0 223 255
  0 231 255
  0 240 255
  0 248 255
  0 255 255
  0 255 247
  0 255 238
  0 255 230
  0 255 223
  0 255 215
  0 255 206
  0 255 198
  0 255 191
  0 255 183
  0 255 174
  0 255 166
  0 255 159
  0 255 151
  0 255 142
  0 255 134
  0 255 127
  0 255 119
  0 255 110
  0 255 102
  0 255  95
  0 255  87
  0 255  78
  0 255  70
  0 255  63
  0 255  55
  0 255  46
  0 255  38
  0 255  31
  0 255  23
  0 255  14
  0 255   6
  0 255   0
  7 255   0
 16 255   0
 24 255   0
 31 255   0
 39 255   0
 48 255   0
 56 255   0
 63 255   0
 71 255   0
 80 255   0
 88 255   0
 95 255   0
103 255   0
112 255   0
120 255   0
127 255   0
135 255   0
144 255   0
152 255   0
159 255   0
167 255   0
176 255   0
184 255   0
191 255   0
199 255   0
208 255   0
216 255   0
223 255   0
231 255   0
240 255   0
248 255   0
255 255   0
255 250   0
255 247   0
255 242   0
255 238   0
255 235   0
255 230   0
255 227   0
255 223   0
255 218   0
255 215   0
255 210   0
255 206   0
255 203   0
255 198   0
255 195   0
255 191   0
255 186   0
255 183   0
255 178   0
255 174   0
255 171   0
255 166   0
255 163   0
255 159   0
255 154   0
255 151   0
255 146   0
255 142   0
255 139   0
255 134   0
255 131   0
255 127   0
255 122   0
255 119   0
255 114   0
255 110   0
255 107   0
255 102   0
255  99   0
255  95   0
255  90   0
255  87   0
255  82   0
255  78   0
255  75   0
255  70   0
255  67   0
255  63   0
255  58   0
255  55   0
255  51   0
255  46   0
255  43   0
255  38   0
255  34   0
255  31   0
255  26   0
255  23   0
255  19   0
255  14   0
255  11   0
255   6   0
255   2   0
255   0   0
255   7   7
255  16  16
255  24  24
255  31  31
255  39  39
255  48  48
255  56  56
255  63  63
255  71  71
255  80  80
255  88  88
255  95  95
255 103 103
255 112 112
255 120 120
255 127 127
255 135 135
255 144 144
255 152 152
255 159 159
255 167 167
255 176 176
255 184 184
255 191 191
255 199 199
255 208 208
255 216 216
255 223 223
255 231 231
255 240 240
255 248 248
