# table rgb (rainbow1)
  0   0  42
  6   0  46
 14   0  51
 21   0  56
 29   0  61
 37   0  65
 44   0  70
 51   0  76
 58   0  81
 67   0  85
 75   0  90
 82   0  95
 89   0 101
 96   0 106
104   0 110
112   0 115
120   0 121
127   0 126
134   0 131
141   0 136
150   0 141
141   0 146
134   0 152
127   0 157
120   0 163
112   0 167
104   0 172
 96   0 178
 89   0 184
 82   0 189
 75   0 195
 67   0 199
 58   0 204
 51   0 210
 44   0 216
 37   0 222
 29   0 227
 21   0 233
 14   0 237
  6   0 243
  0   0 248
  0   0 255
  0   0 248
  0   1 243
  0   4 237
  0   6 233
  0   7 227
  0  10 222
  0  12 216
  0  16 211
  0  19 206
  0  25 202
  0  30 197
  0  34 191
  0  39 186
  0  44 182
  0  50 177
  0  55 172
  0  59 167
  0  64 164
  0  69 159
  0  72 155
  0  76 152
  0  82 147
  0  84 144
  0  88 140
  0  90 135
  0  94 132
  0  96 127
  0 100 123
  0 102 120
  0 104 116
  0 108 114
  0 110 110
  0 114 108
  0 116 104
  0 119 102
  0 121  99
  0 125  95
  0 127  93
  0 129  89
  0 133  87
  0 134  83
  0 138  81
  0 140  77
  0 142  75
  0 146  71
  0 148  69
  0 151  65
  0 153  63
  0 155  59
  0 159  57
  0 160  53
  0 164  51
  0 165  48
  0 169  44
  0 171  42
  0 173  38
  0 176  36
  0 178  32
  0 180  30
  0 184  25
  0 185  21
  0 189  18
  0 191  13
  0 193  10
  0 196   6
  0 197   0
  0 201   0
  0 203   0
  0 205   0
  0 208   0
  0 210   0
  0 212   0
  0 215   0
  0 217   0
  0 220   0
  0 222   0
  0 224   0
  0 227   0
  0 229   0
  0 231   0
  0 234   0
  0 235   0
  0 238   0
  0 241   0
  0 242   0
  0 244   0
  0 248   0
  0 249   0
  0 252   0
  1 255   0
  4 252   0
  6 249   0
  7 248   0
 11 244   0
 13 242   0
 17 241   0
 19 238   0
 23 235   0
 25 234   0
 29 231   0
 31 229   0
 34 227   0
 38 224   0
 42 222   0
 51 220   0
 59 217   0
 68 215   0
 77 212   0
 87 210   0
 95 208   0
104 205   0
114 203   0
123 201   0
133 197   0
142 196   0
152 197   0
161 201   0
171 204   0
180 206   0
191 210   0
199 215   0
210 218   0
218 222   0
229 227   0
237 229   0
248 235   0
255 237   0
255 242   0
255 247   0
255 252   0
255 255   0
255 255   0
255 255   0
254 255   0
255 255   0
255 255   0
255 255   0
255 255   0
255 255   0
255 255   0
255 255   0
255 255   0
255 255   0
255 255   0
255 255   0
255 255   0
255 255   0
255 255   0
255 255   0
255 255   0
255 255   0
255 248   0
255 238   0
255 229   0
255 218   0
255 209   0
255 198   0
255 189   0
255 178   0
255 169   0
255 159   0
255 148   0
255 139   0
255 129   0
255 119   0
255 109   0
255 100   0
255  89   0
255  81   0
255  70   0
255  61   0
255  51   0
255  43   0
255  32   0
255  25   0
255  20   0
255  16   0
255  12   0
255   6   0
255   0   0
253   0   0
250   0   0
248   0   0
247   0   0
244   0   0
242   0   0
241   0   0
238   0   0
236   0   0
235   0   0
233   0   0
230   0   0
229   0   0
227   0   0
224   0   0
223   0   0
221   0   0
218   0   0
216   0   0
215   0   0
212   0   0
210   0   0
209   0   0
206   0   0
204   0   0
203   0   0
201   0   0
198   0   0
197   0   0
195   0   0
192   0   0
191   0   0
189   0   0
186   0   0
