# rainbow4lut2
  0   0   2
  0   0  11
  0   0  19
  0   0  26
  0   0  34
  0   0  43
  0   0  51
  0   0  57
  0   0  65
  0   0  74
  0   0  82
  0   0  89
  0   0  97
  0   0 104
  0   0 113
  0   0 121
  0   0 128
  0   0 136
  0   0 145
  0   0 153
  0   0 159
  0   0 167
  0   0 176
  0   0 184
  0   0 191
  0   0 199
  0   0 206
  0   0 215
  0   0 223
  0   0 230
  0   0 238
  0   0 247
  0   0 255
  0  18 255
  0  37 255
  0  56 255
  0  75 255
  0  93 255
  0 112 255
  0 127 255
  0 140 255
  0 152 255
  0 164 255
  0 176 255
  0 187 255
  0 199 255
  0 208 255
  0 216 255
  0 224 255
  0 233 255
  0 242 255
  0 249 255
  0 255 248
  0 255 236
  0 255 225
  0 255 214
  0 255 203
  0 255 191
  0 255 179
  0 255 152
  0 255 123
  0 255  95
  0 255  69
  0 255  40
  0 255  12
 12 255   0
 40 255   0
 69 255   0
 95 255   0
123 255   0
152 255   0
179 255   0
191 255   0
203 255   0
214 255   0
225 255   0
236 255   0
248 255   0
254 248   0
254 237   0
253 228   0
253 216   0
252 205   0
252 195   0
252 184   0
252 174   0
252 165   0
253 154   0
253 145   0
254 134   0
254 125   0
255 109   0
255  91   0
255  72   0
255  55   0
255  36   0
255  18   0
255   0   0
255   0   0
255   0  26
255   0  55
255   0  82
255   0 109
255   0 138
255   0 165
255   0 184
255   0 197
255   0 208
255   0 220
255   0 230
255   0 242
255   0 255
255  18 255
255  36 255
255  55 255
255  72 255
255  91 255
255 109 255
255 123 255
255 133 255
255 142 255
255 152 255
255 160 255
255 170 255
255 179 255
255 201 255
255 222 255
255 243 255
  0   0 132
  0   0 142
  0   0 153
  0   0 164
  0   0 175
 16   0 185
 22   0 195
 32   0 202
 39   0 208
 48   0 214
 57   0 219
 65   0 223
 73   0 225
 81   0 228
 89   0 230
 95   0 233
102   0 235
108   0 236
114   0 238
119   0 240
124   0 241
129   0 242
134   0 244
139   0 245
143   0 246
148   0 247
152   0 248
156   0 249
160   0 250
164   0 250
168   0 251
172   0 252
175   0 252
179   0 253
182   0 253
186   0 253
189   0 254
193   0 254
196   0 254
199   0 254
202   0 254
205   0 254
208   0 255
211   0 255
214   0 255
217   0 255
220   0 255
223   0 255
226   0 255
229   0 255
232   0 255
234   0 254
237  16 254
240  27 253
242  35 252
244  45 251
247  53 250
249  61 248
250  71 246
252  79 245
253  89 243
254  97 241
254 104 240
254 111 239
255 118 238
255 124 237
255 130 236
255 136 235
255 142 234
255 147 233
255 152 232
255 157 232
255 162 230
255 166 229
255 171 228
255 175 227
255 180 226
255 184 225
255 188 224
255 192 223
255 196 221
255 200 220
255 203 219
255 207 218
255 211 216
255 214 215
255 218 214
255 221 213
255 225 211
255 228 210
255 232 208
255 235 207
255 238 205
255 241 204
255 244 203
255 246 203
255 249 202
255 250 202
255 252 203
255 253 203
255 254 205
255 254 207
255 255 208
255 255 210
255 255 213
255 255 214
255 255 217
255 255 219
255 255 220
255 255 223
255 255 224
255 255 227
255 255 228
255 255 230
255 255 232
255 255 234
255 255 235
255 255 238
255 255 239
255 255 241
255 255 242
255 255 244
255 255 246
255 255 248
255 255 249
255 255 251
255 255 252
255 255 253
