# table rgb (rainbow4_light_green)
  0   0   2
  0   0  14
  0   0  26
  0   0  38
  0   0  51
  0   0  62
  0   0  74
  0   0  85
  0   0  98
  0   0 109
  0   0 122
  0   0 134
  0   0 146
  0   0 156
  0   0 169
  0   0 181
  0   0 194
  0   0 205
  0   0 216
  0   0 228
  0   0 240
  0   0 254
  0  24 255
  0  54 254
  0  81 255
  0 110 254
  0 132 255
  0 151 254
  0 170 255
  0 187 255
  0 204 254
  0 216 255
  0 229 254
  0 242 255
  0 255 253
  0 254 234
  0 255 218
  0 254 201
  0 255 182
  0 254 146
  0 255 102
  0 254  62
  0 255  19
 19 255   0
 63 254   0
103 255   0
147 254   0
182 255   0
201 254   0
218 255   0
234 254   0
254 255   0
254 237   0
252 222   0
252 205   0
251 190   0
252 174   0
253 158   0
253 144   0
253 128   0
254 107   0
255  80   0
254  52   0
255  23   0
254   0   0
255   0  16
254   0  60
255   0 100
255   0 144
255   0 181
255   0 200
255   0 217
255   0 233
255   0 252
255  23 255
255  51 254
255  79 255
255 106 254
255 126 255
255 141 254
255 154 255
255 169 255
255 189 255
255 221 255
255 255 255
  0   0   0
  0   4  21
  0   6  39
  0  10  55
  0  12  67
  0  16  77
  0  19  87
  0  21  95
  0  25 102
  4  27 109
  6  31 114
  7  33 120
 11  37 126
 18  39 130
 24  43 135
 31  45 140
 40  49 143
 49  51 147
 61  55 151
 73  57 153
 87  61 157
100  63 160
113  67 164
126  69 165
139  73 169
150  75 171
159  79 175
166  81 177
176  85 179
182  89 182
187  91 184
193  95 186
198  97 189
204 101 191
209 103 192
212 107 195
216 109 196
218 113 198
222 115 201
224 119 202
228 121 204
229 125 204
233 127 205
235 131 208
236 133 209
238 137 211
240 139 214
241 143 214
242 145 216
242 149 217
243 152 217
245 154 219
247 158 221
248 160 222
249 164 224
250 166 224
252 171 227
252 173 228
253 177 229
254 179 230
253 183 231
254 185 233
253 189 234
253 191 235
254 195 236
253 197 237
254 201 238
255 204 240
254 206 240
255 210 241
254 212 241
255 215 242
254 219 242
255 222 243
255 224 245
255 228 247
255 230 248
255 234 248
255 236 248
255 240 249
255 242 252
255 246 253
255 248 253
255 252 253
255 255 255
  0   0   0
  0   1   0
  0   6   0
  0   8   0
  0  12   0
  0  14   0
  0  18   0
  0  20   0
  0  24   0
  0  26   0
  0  30   0
  0  32   0
  0  36   0
  0  38   0
  0  42   0
  0  44   0
  0  48   0
  0  51   0
  0  53   0
  0  57   0
  0  59   0
  0  63   0
  0  65   0
  0  69   0
  0  71   0
  0  75   0
  0  77   0
  0  81   0
  0  83   0
  0  87   0
  0  88   0
  0  93   0
  0  95   0
  0  99   0
  0 102   0
  0 104   0
  0 108   0
  0 110   0
  0 114   0
  0 116   0
  0 120   0
  0 122   0
  0 126   0
  0 128   0
  0 132   0
  0 134   0
  0 138   0
  0 140   0
  0 144   0
  0 146   0
  0 150   0
  0 153   0
  0 155   0
  0 159   0
  0 161   0
  0 165   0
  0 167   0
  0 171   0
  0 172   0
  0 177   0
  0 179   0
  0 182   0
  0 185   0
  0 189   0
  0 191   0
  0 195   0
  0 197   0
  0 201   0
  0 204   0
  0 206   0
  0 210   0
  0 212   0
  0 215   0
  0 218   0
  0 222   0
  0 224   0
  0 227   0
  0 230   0
  0 234   0
  0 236   0
  0 240   0
  0 242   0
  0 246   0
  0 248   0
  0 252   0
255 255 255
