# table rgb (rainbow)
  0   0  42
  6   0  46
 14   0  51
 21   0  56
 29   0  61
 37   0  65
 44   0  70
 51   0  76
 58   0  81
 67   0  85
 75   0  90
 82   0  95
 89   0 101
 96   0 106
104   0 110
112   0 115
120   0 121
127   0 126
134   0 131
141   0 136
150   0 141
141   0 146
134   0 152
127   0 157
120   0 163
112   0 167
104   0 172
 96   0 178
 89   0 184
 82   0 189
 75   0 195
 67   0 199
 58   0 204
 51   0 210
 44   0 216
 37   0 222
 29   0 227
 21   0 233
 14   0 237
  6   0 243
  0   0 248
  0   0 255
  0   6 248
  0  12 243
  0  16 237
  0  20 233
  0  25 227
  0  29 222
  0  32 216
  0  36 210
  0  39 204
  0  43 199
  0  46 195
  0  50 189
  0  53 184
  0  57 178
  0  59 172
  0  63 167
  0  67 163
  0  70 157
  0  72 152
  0  76 146
  0  78 141
  0  82 136
  0  84 131
  0  88 126
  0  90 121
  0  94 115
  0  96 110
  0 100 106
  0 102 101
  0 104  95
  0 108  90
  0 110  85
  0 114  81
  0 116  76
  0 119  70
  0 121  65
  0 125  61
  0 127  56
  0 129  51
  0 133  46
  0 134  42
  0 138  37
  0 140  32
  0 142  27
  0 146  24
  0 148  19
  0 151  14
  0 153  11
  0 155   6
  0 159   2
  0 160   0
  0 164   0
  0 165   0
  0 169   0
  0 171   0
  0 173   0
  0 176   0
  0 178   0
  0 180   0
  0 184   0
  0 185   0
  0 189   0
  0 191   0
  0 193   0
  0 196   0
  0 197   0
  0 201   0
  0 203   0
  0 205   0
  0 208   0
  0 210   0
  0 212   0
  0 215   0
  0 217   0
  0 220   0
  0 222   0
  0 224   0
  0 227   0
  0 229   0
  0 231   0
  0 234   0
  0 235   0
  0 238   0
  0 241   0
  0 242   0
  0 244   0
  0 248   0
  0 249   0
  0 252   0
  0 255   0
  0 252   0
  0 249   0
  0 248   0
  0 244   0
  0 242   0
  0 241   0
  0 238   0
  0 235   0
  0 234   0
  0 231   0
  0 229   0
  0 227   0
  0 224   0
  0 222   0
  0 220   0
  0 217   0
  0 215   0
  0 212   0
  0 210   0
  0 208   0
  0 205   0
  0 203   0
  0 201   0
  0 197   0
  1 196   0
  8 197   0
 17 201   0
 25 204   0
 32 206   0
 42 210   0
 51 215   0
 59 218   0
 68 222   0
 77 227   0
 87 229   0
 95 235   0
104 237   0
114 242   0
123 247   0
133 252   0
142 255   0
152 255   0
161 255   0
171 255   0
180 255   0
191 255   0
199 255   0
210 255   0
218 255   0
229 255   0
237 255   0
248 255   0
255 255   0
255 255   0
255 255   0
255 255   0
255 255   0
255 255   0
255 255   0
254 255   0
249 255   0
244 248   0
241 238   0
235 229   0
231 218   0
228 209   0
223 198   0
218 189   0
214 178   0
210 169   0
204 159   0
201 148   0
196 139   0
192 129   0
189 119   0
184 109   0
180 100   0
177  89   0
173  81   0
169  70   0
165  61   0
161  51   0
159  43   0
157  32   0
154  25   0
158  20   0
159  16   0
163  12   0
165   6   0
167   0   0
170   0   0
172   0   0
174   0   0
178   0   0
180   0   0
183   0   0
185   0   0
187   0   0
191   0   0
192   0   0
196   0   0
197   0   0
201   0   0
204   1   1
205   6   6
209  12  12
210  20  20
214  29  29
216  38  38
218  49  49
221  58  58
223  70  70
225  82  82
229  95  95
231 109 109
234 123 123
236 138 138
238 153 153
242 169 169
243 184 184
247 202 202
248 218 218
252 236 236
255 255 255
