# table rgb (random6)
  0   0   0
  0  36   0
  0  71   0
  0 108   0
  0 144   0
  0 179   0
  0 216   0
  0 252   0
  0   0  36
  0  36  36
  0  71  36
  0 108  36
  0 144  36
  0 179  36
  0 216  36
  0 252  36
  0   0  71
  0  36  71
  0  71  71
  0 108  71
  0 144  71
  0 179  71
  0 216  71
  0 252  71
  0   0 108
  0  36 108
  0  71 108
  0 108 108
  0 144 108
  0 179 108
  0 216 108
  0 252 108
  0   0 144
  0  36 144
  0  71 144
  0 108 144
  0 144 144
  0 179 144
  0 216 144
  0 252 144
  0   0 179
  0  36 179
  0  71 179
  0 108 179
  0 144 179
  0 179 179
  0 216 179
  0 252 179
  0   0 216
  0  36 216
  0  71 216
  0 108 216
  0 144 216
  0 179 216
  0 216 216
  0 252 216
  0   0 252
  0  36 252
  0  71 252
  0 108 252
  0 144 252
  0 179 252
  0 216 252
  0 252 252
  0   0   0
 83  36   0
 83  71   0
 83 108   0
 83 144   0
 83 179   0
 83 216   0
 83 252   0
 83   0  36
 83  36  36
 83  71  36
 83 108  36
 83 144  36
 83 179  36
 83 216  36
 83 252  36
 83   0  71
 83  36  71
 83  71  71
 83 108  71
 83 144  71
 83 179  71
 83 216  71
 83 252  71
 83   0 108
 83  36 108
 83  71 108
 83 108 108
 83 144 108
 83 179 108
 83 216 108
 83 252 108
 83   0 144
 83  36 144
 83  71 144
 83 108 144
 83 144 144
 83 179 144
 83 216 144
 83 252 144
 83   0 179
 83  36 179
 83  71 179
 83 108 179
 83 144 179
 83 179 179
 83 216 179
 83 252 179
 83   0 216
 83  36 216
 83  71 216
 83 108 216
 83 144 216
 83 179 216
 83 216 216
 83 252 216
 83   0 252
 83  36 252
 83  71 252
 83 108 252
 83 144 252
 83 179 252
 83 216 252
 83 252 252
 83   0   0
167  36   0
167  71   0
167 108   0
167 144   0
167 179   0
167 216   0
167 252   0
167   0  36
167  36  36
167  71  36
167 108  36
167 144  36
167 179  36
167 216  36
167 252  36
167   0  71
167  36  71
167  71  71
167 108  71
167 144  71
167 179  71
167 216  71
167 252  71
167   0 108
167  36 108
167  71 108
167 108 108
167 144 108
167 179 108
167 216 108
167 252 108
167   0 144
167  36 144
167  71 144
167 108 144
167 144 144
167 179 144
167 216 144
167 252 144
167   0 179
167  36 179
167  71 179
167 108 179
167 144 179
167 179 179
167 216 179
167 252 179
167   0 216
167  36 216
167  71 216
167 108 216
167 144 216
167 179 216
167 216 216
167 252 216
167   0 252
167  36 252
167  71 252
167 108 252
167 144 252
167 179 252
167 216 252
167 252 252
167   0   0
252  36   0
252  71   0
252 108   0
252 144   0
252 179   0
252 216   0
252 252   0
252   0  36
252  36  36
252  71  36
252 108  36
252 144  36
252 179  36
252 216  36
252 252  36
252   0  71
252  36  71
252  71  71
252 108  71
252 144  71
252 179  71
252 216  71
252 252  71
252   0 108
252  36 108
252  71 108
252 108 108
252 144 108
252 179 108
252 216 108
252 252 108
252   0 144
252  36 144
252  71 144
252 108 144
252 144 144
252 179 144
252 216 144
252 252 144
252   0 179
252  36 179
252  71 179
252 108 179
252 144 179
252 179 179
252 216 179
252 252 179
252   0 216
252  36 216
252  71 216
252 108 216
252 144 216
252 179 216
252 216 216
252 252 216
252   0 252
252  36 252
252  71 252
252 108 252
252 144 252
252 179 252
252 216 252
252 252 252
