# table rgb (random3)
  0   0   0
  0   0   0
  0   0   0
  0   0   0
  0   0   0
  0   0   0
  0   0   0
  0   0   0
  0   0   0
  0   0   0
  0   0   0
  0   0   0
  0   0   0
  0   0 120
  0   0 120
  0   0 120
  0   0 120
  0   0 120
  0   0 120
  0   0 120
  0   0 120
  0   0 120
  0   0 120
  0   0 120
  0   0 120
  0   0 120
  0   0 179
  0   0 179
  0   0 179
  0   0 179
  0   0 179
  0   0 179
  0   0 179
  0   0 179
  0   0 179
  0   0 179
  0   0 179
  0   0 179
  0   0 179
  0   0 220
  0   0 220
  0   0 220
  0   0 220
  0   0 220
  0   0 220
  0   0 220
  0   0 220
  0   0 220
  0   0 220
  0   0 220
  0   0 220
  0   0 220
  0   0 255
  0   0 255
  0   0 255
  0   0 255
  0   0 255
  0   0 255
  0   0 255
  0   0 255
  0   0 255
  0   0 255
  0   0 255
  0   0 255
  0   0 255
  0 120 255
  0 120 255
  0 120 255
  0 120 255
  0 120 255
  0 120 255
  0 120 255
  0 120 255
  0 120 255
  0 120 255
  0 120 255
  0 120 255
  0 120 255
  0 199 255
  0 199 255
  0 199 255
  0 199 255
  0 199 255
  0 199 255
  0 199 255
  0 199 255
  0 199 255
  0 199 255
  0 199 255
  0 199 255
  0 199 255
  0 255 255
  0 255 255
  0 255 255
  0 255 255
  0 255 255
  0 255 255
  0 255 255
  0 255 255
  0 255 255
  0 255 255
  0 255 255
  0 255 255
  0 255 255
  0 255 179
  0 255 179
  0 255 179
  0 255 179
  0 255 179
  0 255 179
  0 255 179
  0 255 179
  0 255 179
  0 255 179
  0 255 179
  0 255 179
  0 255 179
  0 255   0
  0 255   0
  0 255   0
  0 255   0
  0 255   0
  0 255   0
  0 255   0
  0 255   0
  0 255   0
  0 255   0
  0 255   0
  0 255   0
  0 255   0
179 255   0
179 255   0
179 255   0
179 255   0
179 255   0
179 255   0
179 255   0
179 255   0
179 255   0
179 255   0
179 255   0
179 255   0
179 255   0
255 255   0
255 255   0
255 255   0
255 255   0
255 255   0
255 255   0
255 255   0
255 255   0
255 255   0
255 255   0
255 255   0
255 255   0
255 255   0
252 184   0
252 184   0
252 184   0
252 184   0
252 184   0
252 184   0
252 184   0
252 184   0
252 184   0
252 184   0
252 184   0
252 184   0
252 184   0
255 120   0
255 120   0
255 120   0
255 120   0
255 120   0
255 120   0
255 120   0
255 120   0
255 120   0
255 120   0
255 120   0
255 120   0
255 120   0
255   0   0
255   0   0
255   0   0
255   0   0
255   0   0
255   0   0
255   0   0
255   0   0
255   0   0
255   0   0
255   0   0
255   0   0
255   0   0
255   0 179
255   0 179
255   0 179
255   0 179
255   0 179
255   0 179
255   0 179
255   0 179
255   0 179
255   0 179
255   0 179
255   0 179
255   0 179
255   0 255
255   0 255
255   0 255
255   0 255
255   0 255
255   0 255
255   0 255
255   0 255
255   0 255
255   0 255
255   0 255
255   0 255
255   0 255
255 120 255
255 120 255
255 120 255
255 120 255
255 120 255
255 120 255
255 120 255
255 120 255
255 120 255
255 120 255
255 120 255
255 120 255
255 120 255
255 179 255
255 179 255
255 179 255
255 179 255
255 179 255
255 179 255
255 179 255
255 179 255
255 179 255
255 179 255
255 179 255
255 179 255
255 179 255
255 255 255
255 255 255
255 255 255
255 255 255
255 255 255
255 255 255
255 255 255
255 255 255
255 255 255
