# table rgb (random)
  0   0   0
  0   0   0
  0   0   0
  0   0 179
  0   0 179
  0   0 220
  0   0 220
120   0 220
120   0 220
120   0 220
179   0 229
179   0 229
255   0 255
255   0 255
255   0 179
255   0 179
255   0 132
255   0   0
255   0   0
255 120   0
255 120   0
252 184   0
252 184   0
250 206   0
250 216   0
250 216   0
255 255   0
255 255   0
179 255   0
179 255   0
  0 255   0
  0 255   0
  0 255   0
  0 255 179
  0 255 179
  0 255 255
  0 255 255
120 199 255
120 199 255
120 199 255
159 159 255
159 159 255
199 120 255
199 120 255
255 179 255
255 179 255
255 196 255
255 220 255
255 220 255
255 255 255
255 255 255
255 255 255
255 255 255
255 229 255
255 220 255
255 220 255
255 220 255
255 220 255
255 220 255
255 220 255
255 220 255
255 220 255
255 220 255
255 179 255
255 179 255
255 179 255
255 179 255
255 179 255
255 179 255
255 179 255
255 179 255
255 179 255
235 158 255
199 120 255
199 120 255
199 120 255
199 120 255
199 120 255
199 120 255
199 120 255
199 120 255
199 120 255
167 152 255
159 159 255
159 159 255
159 159 255
159 159 255
159 159 255
159 159 255
159 159 255
159 159 255
159 159 255
120 199 255
120 199 255
120 199 255
120 199 255
120 199 255
120 199 255
120 199 255
120 199 255
120 199 255
 67 223 255
  0 255 255
  0 255 255
  0 255 255
  0 255 255
  0 255 255
  0 255 255
  0 255 255
  0 255 255
  0 255 255
  0 255 189
  0 255 179
  0 255 179
  0 255 179
  0 255 179
  0 255 179
  0 255 179
  0 255 179
  0 255 179
  0 255 166
  0 255   0
  0 255   0
  0 255   0
  0 255   0
  0 255   0
  0 255   0
  0 255   0
  0 255   0
  0 255   0
 91 255   0
179 255   0
179 255   0
179 255   0
179 255   0
179 255   0
179 255   0
179 255   0
179 255   0
179 255   0
250 255   0
255 255   0
255 255   0
255 255   0
255 255   0
255 255   0
255 255   0
255 255   0
255 255   0
254 248   0
250 216   0
250 216   0
250 216   0
250 216   0
250 216   0
250 216   0
250 216   0
250 216   0
250 216   0
252 197   0
252 184   0
252 184   0
252 184   0
252 184   0
252 184   0
252 184   0
252 184   0
252 184   0
252 184   0
255 120   0
255 120   0
255 120   0
255 120   0
255 120   0
255 120   0
255 120   0
255 120   0
255 120   0
255  94   0
255   0   0
255   0   0
255   0   0
255   0   0
255   0   0
255   0   0
255   0   0
255   0   0
255   0   0
255   0 119
255   0 179
255   0 179
255   0 179
255   0 179
255   0 179
255   0 179
255   0 179
255   0 179
255   0 179
255   0 255
255   0 255
255   0 255
255   0 255
255   0 255
255   0 255
255   0 255
255   0 255
255   0 255
233   0 248
179   0 229
179   0 229
179   0 229
179   0 229
179   0 229
179   0 229
179   0 229
179   0 229
179   0 229
135   0 223
120   0 220
120   0 220
120   0 220
120   0 220
120   0 220
120   0 220
120   0 220
120   0 220
120   0 220
  0   0 220
  0   0 220
  0   0 220
  0   0 220
  0   0 220
  0   0 220
  0   0 220
  0   0 220
  0   0 220
  0   0 204
  0   0 179
  0   0 179
  0   0 179
  0   0 179
  0   0 179
  0   0 179
  0   0 179
  0   0 179
  0   0 179
  0   0  34
  0   0   0
  0   0   0
  0   0   0
  0   0   0
  0   0   0
  0   0   0
  0   0   0
  0   0   0
  0   0   0
