# table rgb (random1)
  0   0  42
  0   0  42
  0   0  42
  0   0  42
  0   0  42
  0   0  42
  0   0  42
  0   0  42
 58   0  81
 58   0  81
 58   0  81
 58   0  81
 58   0  81
 58   0  81
 58   0  81
 58   0  81
120   0 121
120   0 121
120   0 121
120   0 121
120   0 121
120   0 121
120   0 121
120   0 121
120   0 163
120   0 163
120   0 163
120   0 163
120   0 163
120   0 163
120   0 163
120   0 163
 58   0 204
 58   0 204
 58   0 204
 58   0 204
 58   0 204
 58   0 204
 58   0 204
 58   0 204
  0   0 248
  0   0 248
  0   0 248
  0   0 248
  0   0 248
  0   0 248
  0   0 248
  0   0 248
  0  12 216
  0  12 216
  0  12 216
  0  12 216
  0  12 216
  0  12 216
  0  12 216
  0  12 216
  0  50 177
  0  50 177
  0  50 177
  0  50 177
  0  50 177
  0  50 177
  0  50 177
  0  50 177
  0  84 144
  0  84 144
  0  84 144
  0  84 144
  0  84 144
  0  84 144
  0  84 144
  0  84 144
  0 108 114
  0 108 114
  0 108 114
  0 108 114
  0 108 114
  0 108 114
  0 108 114
  0 108 114
  0 129  89
  0 129  89
  0 129  89
  0 129  89
  0 129  89
  0 129  89
  0 129  89
  0 129  89
  0 151  65
  0 151  65
  0 151  65
  0 151  65
  0 151  65
  0 151  65
  0 151  65
  0 151  65
  0 171  42
  0 171  42
  0 171  42
  0 171  42
  0 171  42
  0 171  42
  0 171  42
  0 171  42
  0 191  13
  0 191  13
  0 191  13
  0 191  13
  0 191  13
  0 191  13
  0 191  13
  0 191  13
  0 210   0
  0 210   0
  0 210   0
  0 210   0
  0 210   0
  0 210   0
  0 210   0
  0 210   0
  0 229   0
  0 229   0
  0 229   0
  0 229   0
  0 229   0
  0 229   0
  0 229   0
  0 229   0
  0 248   0
  0 248   0
  0 248   0
  0 248   0
  0 248   0
  0 248   0
  0 248   0
  0 248   0
 13 242   0
 13 242   0
 13 242   0
 13 242   0
 13 242   0
 13 242   0
 13 242   0
 13 242   0
 38 224   0
 38 224   0
 38 224   0
 38 224   0
 38 224   0
 38 224   0
 38 224   0
 38 224   0
104 205   0
104 205   0
104 205   0
104 205   0
104 205   0
104 205   0
104 205   0
104 205   0
180 206   0
180 206   0
180 206   0
180 206   0
180 206   0
180 206   0
180 206   0
180 206   0
255 237   0
255 237   0
255 237   0
255 237   0
255 237   0
255 237   0
255 237   0
255 237   0
255 255   0
255 255   0
255 255   0
255 255   0
255 255   0
255 255   0
255 255   0
255 255   0
255 255   0
255 255   0
255 255   0
255 255   0
255 255   0
255 255   0
255 255   0
255 255   0
255 255   0
255 255   0
255 255   0
255 255   0
255 255   0
255 255   0
255 255   0
255 255   0
255 178   0
255 178   0
255 178   0
255 178   0
255 178   0
255 178   0
255 178   0
255 178   0
255 100   0
255 100   0
255 100   0
255 100   0
255 100   0
255 100   0
255 100   0
255 100   0
255  25   0
255  25   0
255  25   0
255  25   0
255  25   0
255  25   0
255  25   0
255  25   0
248   0   0
248   0   0
248   0   0
248   0   0
248   0   0
248   0   0
248   0   0
248   0   0
233   0   0
233   0   0
233   0   0
233   0   0
233   0   0
233   0   0
233   0   0
233   0   0
216   0   0
216   0   0
216   0   0
216   0   0
216   0   0
216   0   0
216   0   0
216   0   0
201   0   0
201   0   0
201   0   0
201   0   0
201   0   0
201   0   0
201   0   0
201   0   0
