# table rgb (random4)
  0   0   0
  0   0   0
  0   0   0
  0   0   0
  0   0   0
  0   0   0
  0   0   0
  0   0   0
  0   0   0
  0   0   0
  0   0   0
  0   0   0
  0   0 179
  0   0 179
  0   0 179
  0   0 179
  0   0 179
  0   0 179
  0   0 179
  0   0 179
  0   0 179
  0   0 179
  0   0 179
  0   0 179
  0   0 220
  0   0 220
  0   0 220
  0   0 220
  0   0 220
  0   0 220
  0   0 220
  0   0 220
  0   0 220
  0   0 220
  0   0 220
  0   0 220
120   0 220
120   0 220
120   0 220
120   0 220
120   0 220
120   0 220
120   0 220
120   0 220
120   0 220
120   0 220
120   0 220
120   0 220
179   0 229
179   0 229
179   0 229
179   0 229
179   0 229
179   0 229
179   0 229
179   0 229
179   0 229
179   0 229
179   0 229
179   0 229
255   0 255
255   0 255
255   0 255
255   0 255
255   0 255
255   0 255
255   0 255
255   0 255
255   0 255
255   0 255
255   0 255
255   0 255
255   0 179
255   0 179
255   0 179
255   0 179
255   0 179
255   0 179
255   0 179
255   0 179
255   0 179
255   0 179
255   0 179
255   0 179
255   0   0
255   0   0
255   0   0
255   0   0
255   0   0
255   0   0
255   0   0
255   0   0
255   0   0
255   0   0
255   0   0
255   0   0
255 120   0
255 120   0
255 120   0
255 120   0
255 120   0
255 120   0
255 120   0
255 120   0
255 120   0
255 120   0
255 120   0
255 120   0
252 184   0
252 184   0
252 184   0
252 184   0
252 184   0
252 184   0
252 184   0
252 184   0
252 184   0
252 184   0
252 184   0
252 184   0
250 216   0
250 216   0
250 216   0
250 216   0
250 216   0
250 216   0
250 216   0
250 216   0
250 216   0
250 216   0
250 216   0
250 216   0
255 255   0
255 255   0
255 255   0
255 255   0
255 255   0
255 255   0
255 255   0
255 255   0
255 255   0
255 255   0
255 255   0
255 255   0
179 255   0
179 255   0
179 255   0
179 255   0
179 255   0
179 255   0
179 255   0
179 255   0
179 255   0
179 255   0
179 255   0
179 255   0
  0 255   0
  0 255   0
  0 255   0
  0 255   0
  0 255   0
  0 255   0
  0 255   0
  0 255   0
  0 255   0
  0 255   0
  0 255   0
  0 255   0
  0 255 179
  0 255 179
  0 255 179
  0 255 179
  0 255 179
  0 255 179
  0 255 179
  0 255 179
  0 255 179
  0 255 179
  0 255 179
  0 255 179
  0 255 255
  0 255 255
  0 255 255
  0 255 255
  0 255 255
  0 255 255
  0 255 255
  0 255 255
  0 255 255
  0 255 255
  0 255 255
  0 255 255
120 199 255
120 199 255
120 199 255
120 199 255
120 199 255
120 199 255
120 199 255
120 199 255
120 199 255
120 199 255
120 199 255
120 199 255
159 159 255
159 159 255
159 159 255
159 159 255
159 159 255
159 159 255
159 159 255
159 159 255
159 159 255
159 159 255
159 159 255
159 159 255
199 120 255
199 120 255
199 120 255
199 120 255
199 120 255
199 120 255
199 120 255
199 120 255
199 120 255
199 120 255
199 120 255
199 120 255
255 179 255
255 179 255
255 179 255
255 179 255
255 179 255
255 179 255
255 179 255
255 179 255
255 179 255
255 179 255
255 179 255
255 179 255
255 220 255
255 220 255
255 220 255
255 220 255
255 220 255
255 220 255
255 220 255
255 220 255
255 220 255
255 220 255
255 220 255
255 220 255
255 255 255
255 255 255
255 255 255
255 255 255
