# table rgb (random5)
  0   0 255
  0   0 253
  0   0 252
  0   0 250
  0   0 249
  1   0 248
  1   0 247
  2   0 246
  4   0 244
  4   0 243
  5   0 242
  5   0 241
  6   1 240
  6   4 238
  6   6 237
  7  10 236
  8  12 235
  8  17 234
 10  20 233
 11  25 231
 12  30 230
 12  25 229
 12  20 228
 13  17 227
 13  12 225
 14  10 224
 16   6 223
 17   4 222
 18   1 221
 18   0 220
 19   0 218
 19   0 217
 20   2 216
 20   6 215
 21  10 214
 23  13 212
 24  18 211
 25  23 210
 25  27 210
 25  33 208
 26  39 206
 27  33 205
 29  27 204
 30  23 204
 30  18 203
 31  13 202
 31  10 199
 32   6 198
 33   2 197
 34   0 197
 36   0 196
 36   0 195
 37   4 192
 38   7 191
 38  12 191
 39  17 190
 40  23 189
 42  29 187
 43  34 186
 44  42 184
 44  50 184
 44  42 183
 45  34 182
 46  29 180
 48  23 179
 49  17 178
 50  12 178
 51   7 176
 51   4 174
 52   0 173
 53   0 172
 53   1 172
 55   6 171
 56  11 170
 57  17 169
 57  24 166
 58  31 165
 59  39 165
 61  50 164
 62  58 163
 63  70 161
 63  58 160
 64  50 159
 65  39 158
 67  31 157
 68  24 155
 69  17 154
 70  11 153
 70   6 153
 71   1 152
 72   0 151
 74   1 150
 75   7 148
 76  13 146
 76  21 146
 76  31 145
 77  40 144
 78  51 142
 80  63 141
 81  76 140
 82  89 140
 82  76 139
 83  63 138
 84  51 136
 85  40 134
 87  31 133
 88  21 133
 89  13 132
 89   7 131
 90   1 129
 91   0 128
 93   2 127
 95   8 127
 95  18 126
 96  26 125
 97  38 123
 99  51 122
100  63 121
101  77 120
102  93 119
102 109 118
103  93 116
104  77 115
106  63 114
107  51 114
108  38 113
108  26 112
109  18 110
110   8 109
112   2 108
113   0 108
114   4 107
114  11 106
115  20 104
116  31 103
118  44 102
119  59 102
120  76 101
121  93 100
122 109  99
123 129  97
125 109  96
126  93  95
127  76  95
127  59  93
128  44  91
129  31  90
131  20  89
132  11  89
133   4  88
133   0  87
134   4  85
136  12  84
138  24  83
139  37  82
140  52  82
140  69  81
141  87  80
142 107  78
144 127  77
145 150  76
146 127  76
146 107  76
148  87  75
150  69  74
151  52  72
152  37  71
153  24  70
153  12  70
154   4  69
155   0  68
157   5  67
158  14  65
159  26  64
160  43  63
161  59  63
163  78  62
164  99  61
165 121  59
165 145  58
166 170  57
169 145  57
170 121  56
171  99  55
172  78  53
172  59  53
173  43  52
174  26  51
176  14  51
178   5  50
178   0  49
179   6  48
180  16  46
182  31  45
183  48  44
184  67  44
184  88  44
186 110  43
187 134  42
189 161  40
190 190  39
191 161  38
191 134  38
192 110  37
195  88  36
196  67  36
197  48  34
197  31  33
198  16  32
199   6  31
202   0  31
203   6  30
204  18  30
204  33  29
205  52  27
206  74  26
208  96  25
210 121  25
210 150  25
211 178  24
212 210  23
214 178  21
215 150  20
216 121  20
217  96  19
218  74  19
220  52  18
221  33  18
222  18  17
223   6  16
224   0  14
225   6  13
227  19  13
228  37  12
229  57  12
230  81  12
231 106  11
233 133  10
234 164   8
235 196   8
236 229   7
237 196   6
238 164   6
240 133   6
241 106   5
242  81   5
243  65   4
244  58   4
246  61   2
247  70   1
248  89   1
249 118   0
250 148   0
252 182   0
253 216   0
255 255   0
