# table rgb (random2)
  0   0   0
  0   0   0
  0   0   0
  0   0   0
  0   0   0
  0   0   0
  0   0   0
  0   0   0
  0   0   0
  0   0   0
  0 120   0
  0 120   0
  0 120   0
  0 120   0
  0 120   0
  0 120   0
  0 120   0
  0 120   0
  0 120   0
  0 120   0
  0 159   0
  0 159   0
  0 159   0
  0 159   0
  0 159   0
  0 159   0
  0 159   0
  0 159   0
  0 159   0
  0 159   0
  0 199   0
  0 199   0
  0 199   0
  0 199   0
  0 199   0
  0 199   0
  0 199   0
  0 199   0
  0 199   0
  0 199   0
  0 255   0
  0 255   0
  0 255   0
  0 255   0
  0 255   0
  0 255   0
  0 255   0
  0 255   0
  0 255   0
  0 255   0
  0 220 120
  0 220 120
  0 220 120
  0 220 120
  0 220 120
  0 220 120
  0 220 120
  0 220 120
  0 220 120
  0 220 120
  0 199 159
  0 199 159
  0 199 159
  0 199 159
  0 199 159
  0 199 159
  0 199 159
  0 199 159
  0 199 159
  0 199 159
  0 179 199
  0 179 199
  0 179 199
  0 179 199
  0 179 199
  0 179 199
  0 179 199
  0 179 199
  0 179 199
  0 179 199
  0 159 255
  0 159 255
  0 159 255
  0 159 255
  0 159 255
  0 159 255
  0 159 255
  0 159 255
  0 159 255
  0 159 255
 59 120 255
 59 120 255
 59 120 255
 59 120 255
 59 120 255
 59 120 255
 59 120 255
 59 120 255
 59 120 255
 59 120 255
 59   0 255
 59   0 255
 59   0 255
 59   0 255
 59   0 255
 59   0 255
 59   0 255
 59   0 255
 59   0 255
 59   0 255
120   0 199
120   0 199
120   0 199
120   0 199
120   0 199
120   0 199
120   0 199
120   0 199
120   0 199
120   0 199
159   0 159
159   0 159
159   0 159
159   0 159
159   0 159
159   0 159
159   0 159
159   0 159
159   0 159
159   0 159
199   0 120
199   0 120
199   0 120
199   0 120
199   0 120
199   0 120
199   0 120
199   0 120
199   0 120
199   0 120
229  30  59
229  30  59
229  30  59
229  30  59
229  30  59
229  30  59
229  30  59
229  30  59
229  30  59
229  30  59
255  59   0
255  59   0
255  59   0
255  59   0
255  59   0
255  59   0
255  59   0
255  59   0
255  59   0
255  59   0
255 120   0
255 120   0
255 120   0
255 120   0
255 120   0
255 120   0
255 120   0
255 120   0
255 120   0
255 120   0
253 152   0
253 152   0
253 152   0
253 152   0
253 152   0
253 152   0
253 152   0
253 152   0
253 152   0
253 152   0
252 184   0
252 184   0
252 184   0
252 184   0
252 184   0
252 184   0
252 184   0
252 184   0
252 184   0
252 184   0
250 216   0
250 216   0
250 216   0
250 216   0
250 216   0
250 216   0
250 216   0
250 216   0
250 216   0
250 216   0
249 229   0
249 229   0
249 229   0
249 229   0
249 229   0
249 229   0
249 229   0
249 229   0
249 229   0
249 229   0
249 249 120
249 249 120
249 249 120
249 249 120
249 249 120
249 249 120
249 249 120
249 249 120
249 249 120
249 249 120
255 255 255
255 255 255
255 255 255
255 255 255
255 255 255
255 255 255
255 255 255
255 255 255
255 255 255
255 255 255
255 255 255
255 255 255
255 255 255
255 255 255
255 255 255
255 255 255
255 255 255
255 255 255
255 255 255
255 255 255
255 255 255
255 255 255
255 255 255
255 255 255
255 255 255
255 255 255
255 255 255
255 255 255
255 255 255
255 255 255
255 255 255
255 255 255
255 255 255
255 255 255
255 255 255
255 255 255
