# table rgb (real)
  1   0   0
  4   1   0
  6   2   0
  7   4   0
 10   5   0
 12   6   0
 13   6   0
 16   7   0
 18   8   0
 19  10   0
 21  11   0
 24  12   0
 25  12   0
 27  13   0
 30  14   0
 31  16   0
 33  17   0
 36  18   0
 38  19   0
 39  19   0
 42  20   0
 44  21   0
 45  23   0
 48  24   0
 50  25   0
 51  25   0
 53  26   0
 56  27   0
 57  29   0
 59  30   0
 62  31   0
 63  31   0
 65  32   0
 68  33   0
 70  34   0
 71  36   0
 74  37   0
 76  38   0
 77  38   0
 80  39   0
 82  40   0
 83  42   0
 85  43   0
 88  44   0
 89  44   0
 91  45   0
 94  46   0
 95  48   0
 97  49   0
100  50   0
102  51   0
103  51   0
106  52   0
108  53   0
109  55   0
112  56   0
114  57   0
115  57   0
118  58   0
120  59   0
121  61   0
123  62   0
126  63   0
127  63   0
129  64   0
132  65   0
133  67   0
135  68   0
138  69   0
140  70   0
141  70   0
144  71   0
146  72   0
147  74   0
150  75   0
152  76   0
153  76   0
155  77   0
158  78   0
159  80   0
161  81   0
164  82   0
165  82   0
167  83   0
170  84   0
172  85   0
173  87   0
176  88   0
178  89   0
179  89   0
182  90   0
184  91   0
185  93   0
187  94   0
190  95   0
191  95   0
193  96   0
196  97   0
197  99   0
199 100   0
202 101   0
204 102   0
205 102   0
208 103   0
210 104   0
211 106   0
214 107   0
216 108   0
217 108   0
220 109   0
222 110   0
223 112   0
225 113   0
228 114   0
229 114   0
231 115   0
234 116   0
235 118   0
237 119   0
240 120   0
242 121   0
243 121   0
246 122   0
248 123   0
249 125   0
252 126   0
254 127   0
255 127   0
255 128   1
255 129   4
255 131   6
255 132   7
255 133  10
255 133  12
255 134  13
255 135  16
255 136  18
255 138  19
255 139  21
255 140  24
255 140  25
255 141  27
255 142  30
255 144  31
255 145  33
255 146  36
255 146  38
255 147  39
255 148  42
255 150  44
255 151  45
255 152  48
255 153  50
255 153  51
255 154  53
255 155  56
255 157  57
255 158  59
255 159  62
255 159  63
255 160  65
255 161  68
255 163  70
255 164  71
255 165  74
255 165  76
255 166  77
255 167  80
255 169  82
255 170  83
255 171  85
255 172  88
255 172  89
255 173  91
255 174  94
255 176  95
255 177  97
255 178 100
255 178 102
255 179 103
255 180 106
255 182 108
255 183 109
255 184 112
255 184 114
255 185 115
255 186 118
255 187 120
255 189 121
255 190 123
255 191 126
255 191 127
255 192 129
255 193 132
255 195 133
255 196 135
255 197 138
255 197 140
255 198 141
255 199 144
255 201 146
255 202 147
255 203 150
255 204 152
255 204 153
255 205 155
255 206 158
255 208 159
255 209 161
255 210 164
255 210 165
255 211 167
255 212 170
255 214 172
255 215 173
255 216 176
255 216 178
255 217 179
255 218 182
255 220 184
255 221 185
255 222 187
255 223 190
255 223 191
255 224 193
255 225 196
255 227 197
255 228 199
255 229 202
255 229 204
255 230 205
255 231 208
255 233 210
255 234 211
255 235 214
255 235 216
255 236 217
255 237 220
255 238 222
255 240 223
255 241 225
255 242 228
255 242 229
255 243 231
255 244 234
255 246 235
255 247 237
255 248 240
255 248 242
255 249 243
255 250 246
255 252 248
255 253 249
255 254 252
255 255 254
255 255 255
