# table rgb (red_green_blue_yellow_cyan)
  0   0   0
  5   0   0
  9   0   0
 14   0   0
 20   0   0
 25   0   0
 29   0   0
 35   0   0
 40   0   0
 45   0   0
 50   0   0
 55   0   0
 60   0   0
 65   0   0
 70   0   0
 75   0   0
 80   0   0
 85   0   0
 90   0   0
 95   0   0
100   0   0
105   0   0
110   0   0
115   0   0
120   0   0
125   0   0
130   0   0
135   0   0
140   0   0
145   0   0
150   0   0
155   0   0
160   0   0
165   0   0
170   0   0
175   0   0
180   0   0
185   0   0
190   0   0
195   0   0
200   0   0
205   0   0
210   0   0
215   0   0
220   0   0
225   0   0
230   0   0
235   0   0
240   0   0
245   0   0
250   0   0
  0   0   0
  0   5   0
  0   9   0
  0  14   0
  0  20   0
  0  25   0
  0  29   0
  0  35   0
  0  40   0
  0  45   0
  0  50   0
  0  55   0
  0  60   0
  0  65   0
  0  70   0
  0  75   0
  0  80   0
  0  85   0
  0  90   0
  0  95   0
  0 100   0
  0 105   0
  0 110   0
  0 115   0
  0 120   0
  0 125   0
  0 130   0
  0 135   0
  0 140   0
  0 145   0
  0 150   0
  0 155   0
  0 160   0
  0 165   0
  0 170   0
  0 175   0
  0 180   0
  0 185   0
  0 190   0
  0 195   0
  0 200   0
  0 205   0
  0 210   0
  0 215   0
  0 220   0
  0 225   0
  0 230   0
  0 235   0
  0 240   0
  0 245   0
  0 250   0
  0   0   0
  0   0   5
  0   0   9
  0   0  14
  0   0  20
  0   0  25
  0   0  29
  0   0  35
  0   0  40
  0   0  45
  0   0  50
  0   0  55
  0   0  60
  0   0  65
  0   0  70
  0   0  75
  0   0  80
  0   0  85
  0   0  90
  0   0  95
  0   0 100
  0   0 105
  0   0 110
  0   0 115
  0   0 120
  0   0 125
  0   0 130
  0   0 135
  0   0 140
  0   0 145
  0   0 150
  0   0 155
  0   0 160
  0   0 165
  0   0 170
  0   0 175
  0   0 180
  0   0 185
  0   0 190
  0   0 195
  0   0 200
  0   0 205
  0   0 210
  0   0 215
  0   0 220
  0   0 225
  0   0 230
  0   0 235
  0   0 240
  0   0 245
  0   0 250
  0   0   0
  5   5   0
  9   9   0
 14  14   0
 20  20   0
 25  25   0
 29  29   0
 35  35   0
 40  40   0
 45  45   0
 50  50   0
 55  55   0
 60  60   0
 65  65   0
 70  70   0
 75  75   0
 80  80   0
 85  85   0
 90  90   0
 95  95   0
100 100   0
105 105   0
110 110   0
115 115   0
120 120   0
125 125   0
130 130   0
135 135   0
140 140   0
145 145   0
150 150   0
155 155   0
160 160   0
165 165   0
170 170   0
175 175   0
180 180   0
185 185   0
190 190   0
195 195   0
200 200   0
205 205   0
210 210   0
215 215   0
220 220   0
225 225   0
230 230   0
235 235   0
240 240   0
245 245   0
250 250   0
  0   0   0
  0   4   4
  0   9   9
  0  14  14
  0  19  19
  0  24  24
  0  29  29
  0  34  34
  0  39  39
  0  44  44
  0  49  49
  0  53  53
  0  58  58
  0  63  63
  0  68  68
  0  73  73
  0  78  78
  0  83  83
  0  88  88
  0  93  93
  0  98  98
  0 102 102
  0 107 107
  0 112 112
  0 117 117
  0 122 122
  0 127 127
  0 132 132
  0 137 137
  0 142 142
  0 147 147
  0 152 152
  0 156 156
  0 161 161
  0 166 166
  0 171 171
  0 176 176
  0 181 181
  0 186 186
  0 191 191
  0 196 196
  0 201 201
  0 205 205
  0 210 210
  0 215 215
  0 220 220
  0 225 225
  0 230 230
  0 235 235
  0 240 240
  0 245 245
  0 250 250
