# table rgb (redlut)
  0    0   0 
  0    0   0 
  1    0   0 
  2    0   0 
  4    0   0 
  5    0   0 
  6    0   0 
  6    0   0 
  7    0   0 
  8    0   0 
 10    0   0 
 11    0   0 
 12    0   0 
 12    0   0 
 13    0   0 
 14    0   0 
 16    0   0 
 17    0   0 
 18    0   0 
 19    0   0 
 19    0   0 
 20    0   0 
 21    0   0 
 23    0   0 
 24    0   0 
 25    0   0 
 25    0   0 
 26    0   0 
 27    0   0 
 29    0   0 
 30    0   0 
 31    0   0 
 31    0   0 
 32    0   0 
 33    0   0 
 34    0   0 
 36    0   0 
 37    0   0 
 38    0   0 
 38    0   0 
 39    0   0 
 40    0   0 
 42    0   0 
 43    0   0 
 44    0   0 
 44    0   0 
 45    0   0 
 46    0   0 
 48    0   0 
 49    0   0 
 50    0   0 
 51    0   0 
 51    0   0 
 52    0   0 
 53    0   0 
 55    0   0 
 56    0   0 
 57    0   0 
 57    0   0 
 58    0   0 
 59    0   0 
 61    0   0 
 62    0   0 
 63    0   0 
 63    1   1 
 64    1   1 
 65    1   1 
 67    1   1 
 68    1   1 
 69    1   1 
 70    1   1 
 70    1   1 
 71    1   1 
 72    1   1 
 74    1   1 
 75    1   1 
 76    2   2 
 76    2   2 
 77    2   2 
 78    2   2 
 80    2   2 
 81    2   2 
 82    2   2 
 82    2   2 
 83    3   3 
 84    3   3 
 85    3   3 
 87    3   3 
 88    3   3 
 89    3   3 
 89    3   3 
 90    4   4 
 91    4   4 
 93    4   4 
 94    4   4 
 95    4   4 
 95    5   5 
 96    5   5 
 97    5   5 
 99    5   5 
100    6   6 
101    6   6 
102    6   6 
102    6   6 
103    7   7 
104    7   7 
106    7   7 
107    7   7 
108    8   8 
108    8   8 
109    8   8 
110    9   9 
112    9   9 
113    9   9 
114   10  10 
114   10  10 
115   10  10 
116   11  11 
118   11  11 
119   12  12 
120   12  12 
121   12  12 
121   13  13 
122   13  13 
123   14  14 
125   14  14 
126   15  15 
127   15  15 
127   16  16 
128   16  16 
129   17  17 
131   17  17 
132   18  18 
133   18  18 
133   19  19 
134   20  20 
135   20  20 
136   21  21 
138   21  21 
139   22  22 
140   23  23 
140   23  23 
141   24  24 
142   25  25 
144   25  25 
145   26  26 
146   27  27 
146   28  28 
147   28  28 
148   29  29 
150   30  30 
151   31  31 
152   32  32 
153   33  33 
153   33  33 
154   34  34 
155   35  35 
157   36  36 
158   37  37 
159   38  38 
159   39  39 
160   40  40 
161   41  41 
163   42  42 
164   43  43 
165   44  44 
165   45  45 
166   46  46 
167   48  48 
169   49  49 
170   50  50 
171   51  51 
172   52  52 
172   54  54 
173   55  55 
174   56  56 
176   57  57 
177   59  59 
178   60  60 
178   61  61 
179   63  63 
180   64  64 
182   66  66 
183   67  67 
184   69  69 
184   70  70 
185   72  72 
186   73  73 
187   75  75 
189   76  76 
190   78  78 
191   80  80 
191   81  81 
192   83  83 
193   85  85 
195   87  87 
196   89  89 
197   90  90 
197   92  92 
198   94  94 
199   96  96 
201   98  98 
202  100 100 
203  102 102 
204  104 104 
204  106 106 
205  108 108 
206  110 110 
208  112 112 
209  115 115 
210  117 117 
210  119 119 
211  121 121 
212  124 124 
214  126 126 
215  128 128 
216  131 131 
216  133 133 
217  136 136 
218  138 138 
220  141 141 
221  143 143 
222  146 146 
223  149 149 
223  151 151 
224  154 154 
225  157 157 
227  160 160 
228  162 162 
229  165 165 
229  168 168 
230  171 171 
231  174 174 
233  177 177 
234  180 180 
235  183 183 
235  187 187 
236  190 190 
237  193 193 
238  196 196 
240  200 200 
241  203 203 
242  206 206 
242  210 210 
243  213 213 
244  217 217 
246  220 220 
247  224 224 
248  228 228 
248  231 231 
249  235 235 
250  239 239 
252  243 243 
253  247 247 
254  251 251 
255  255 255 
