# table rgb (rgb)
  0   0   0
255   0   0
255   0   0
255   0   0
255   0   0
255   0   0
255   0   0
255   0   0
255   0   0
255   0   0
255   0   0
255   0   0
255   0   0
255   0   0
255   0   0
255   0   0
255   0   0
255   0   0
255   0   0
255   0   0
255   0   0
255   0   0
255   0   0
255   0   0
255   0   0
255   0   0
255   0   0
255   0   0
255   0   0
255   0   0
255   0   0
255   0   0
255   0   0
255   0   0
255   0   0
255   0   0
255   0   0
255   0   0
255   0   0
255   0   0
255   0   0
255   0   0
255   0   0
255   0   0
255   0   0
255   0   0
255   0   0
255   0   0
255   0   0
255   0   0
255   0   0
255   0   0
255   0   0
255   0   0
255   0   0
255   0   0
255   0   0
255   0   0
255   0   0
255   0   0
255   0   0
255   0   0
255   0   0
255   0   0
255   0   0
255   0   0
255   0   0
255   0   0
255   0   0
255   0   0
255   0   0
255   0   0
255   0   0
255   0   0
255   0   0
255   0   0
255   0   0
255   0   0
255   0   0
255   0   0
255   0   0
255   0   0
255   0   0
255   0   0
255   0   0
  0   0   0
  0 255   0
  0 255   0
  0 255   0
  0 255   0
  0 255   0
  0 255   0
  0 255   0
  0 255   0
  0 255   0
  0 255   0
  0 255   0
  0 255   0
  0 255   0
  0 255   0
  0 255   0
  0 255   0
  0 255   0
  0 255   0
  0 255   0
  0 255   0
  0 255   0
  0 255   0
  0 255   0
  0 255   0
  0 255   0
  0 255   0
  0 255   0
  0 255   0
  0 255   0
  0 255   0
  0 255   0
  0 255   0
  0 255   0
  0 255   0
  0 255   0
  0 255   0
  0 255   0
  0 255   0
  0 255   0
  0 255   0
  0 255   0
  0 255   0
  0 255   0
  0 255   0
  0 255   0
  0 255   0
  0 255   0
  0 255   0
  0 255   0
  0 255   0
  0 255   0
  0 255   0
  0 255   0
  0 255   0
  0 255   0
  0 255   0
  0 255   0
  0 255   0
  0 255   0
  0 255   0
  0 255   0
  0 255   0
  0 255   0
  0 255   0
  0 255   0
  0 255   0
  0 255   0
  0 255   0
  0 255   0
  0 255   0
  0 255   0
  0 255   0
  0 255   0
  0 255   0
  0 255   0
  0 255   0
  0 255   0
  0 255   0
  0 255   0
  0 255   0
  0 255   0
  0 255   0
  0 255   0
  0 255   0
  0 255   0
  0   0   0
  0   0 255
  0   0 255
  0   0 255
  0   0 255
  0   0 255
  0   0 255
  0   0 255
  0   0 255
  0   0 255
  0   0 255
  0   0 255
  0   0 255
  0   0 255
  0   0 255
  0   0 255
  0   0 255
  0   0 255
  0   0 255
  0   0 255
  0   0 255
  0   0 255
  0   0 255
  0   0 255
  0   0 255
  0   0 255
  0   0 255
  0   0 255
  0   0 255
  0   0 255
  0   0 255
  0   0 255
  0   0 255
  0   0 255
  0   0 255
  0   0 255
  0   0 255
  0   0 255
  0   0 255
  0   0 255
  0   0 255
  0   0 255
  0   0 255
  0   0 255
  0   0 255
  0   0 255
  0   0 255
  0   0 255
  0   0 255
  0   0 255
  0   0 255
  0   0 255
  0   0 255
  0   0 255
  0   0 255
  0   0 255
  0   0 255
  0   0 255
  0   0 255
  0   0 255
  0   0 255
  0   0 255
  0   0 255
  0   0 255
  0   0 255
  0   0 255
  0   0 255
  0   0 255
  0   0 255
  0   0 255
  0   0 255
  0   0 255
  0   0 255
  0   0 255
  0   0 255
  0   0 255
  0   0 255
  0   0 255
  0   0 255
  0   0 255
  0   0 255
  0   0 255
  0   0 255
  0   0 255
  0   0 255
