# table rgb (rgb2)
  0   0   0
  2   0   0
  6   0   0
  8   0   0
 12   0   0
 14   0   0
 18   0   0
 20   0   0
 24   0   0
 26   0   0
 30   0   0
 32   0   0
 36   0   0
 38   0   0
 42   0   0
 44   0   0
 48   0   0
 51   0   0
 53   0   0
 57   0   0
 59   0   0
 63   0   0
 65   0   0
 69   0   0
 71   0   0
 75   0   0
 77   0   0
 81   0   0
 83   0   0
 87   0   0
 89   0   0
 93   0   0
 95   0   0
 99   0   0
102   0   0
104   0   0
108   0   0
110   0   0
114   0   0
116   0   0
120   0   0
122   0   0
126   0   0
128   0   0
132   0   0
134   0   0
138   0   0
140   0   0
144   0   0
146   0   0
150   0   0
153   0   0
155   0   0
159   0   0
161   0   0
165   0   0
167   0   0
171   0   0
173   0   0
177   0   0
179   0   0
183   0   0
185   0   0
189   0   0
191   0   0
195   0   0
197   0   0
201   0   0
204   0   0
206   0   0
210   0   0
212   0   0
216   0   0
218   0   0
222   0   0
224   0   0
228   0   0
230   0   0
234   0   0
236   0   0
240   0   0
242   0   0
246   0   0
248   0   0
252   0   0
255   0   0
  0   0   0
  0   2   0
  0   6   0
  0   8   0
  0  12   0
  0  14   0
  0  18   0
  0  20   0
  0  24   0
  0  26   0
  0  30   0
  0  32   0
  0  36   0
  0  38   0
  0  42   0
  0  44   0
  0  48   0
  0  51   0
  0  53   0
  0  57   0
  0  59   0
  0  63   0
  0  65   0
  0  69   0
  0  71   0
  0  75   0
  0  77   0
  0  81   0
  0  83   0
  0  87   0
  0  89   0
  0  93   0
  0  95   0
  0  99   0
  0 102   0
  0 104   0
  0 108   0
  0 110   0
  0 114   0
  0 116   0
  0 120   0
  0 122   0
  0 126   0
  0 128   0
  0 132   0
  0 134   0
  0 138   0
  0 140   0
  0 144   0
  0 146   0
  0 150   0
  0 153   0
  0 155   0
  0 159   0
  0 161   0
  0 165   0
  0 167   0
  0 171   0
  0 173   0
  0 177   0
  0 179   0
  0 183   0
  0 185   0
  0 189   0
  0 191   0
  0 195   0
  0 197   0
  0 201   0
  0 204   0
  0 206   0
  0 210   0
  0 212   0
  0 216   0
  0 218   0
  0 222   0
  0 224   0
  0 228   0
  0 230   0
  0 234   0
  0 236   0
  0 240   0
  0 242   0
  0 246   0
  0 248   0
  0 252   0
  0   0   0
  0   0   2
  0   0   6
  0   0   8
  0   0  12
  0   0  14
  0   0  18
  0   0  20
  0   0  24
  0   0  26
  0   0  30
  0   0  32
  0   0  36
  0   0  38
  0   0  42
  0   0  44
  0   0  48
  0   0  51
  0   0  53
  0   0  57
  0   0  59
  0   0  63
  0   0  65
  0   0  69
  0   0  71
  0   0  75
  0   0  77
  0   0  81
  0   0  83
  0   0  87
  0   0  89
  0   0  93
  0   0  95
  0   0  99
  0   0 102
  0   0 104
  0   0 108
  0   0 110
  0   0 114
  0   0 116
  0   0 120
  0   0 122
  0   0 126
  0   0 128
  0   0 132
  0   0 134
  0   0 138
  0   0 140
  0   0 144
  0   0 146
  0   0 150
  0   0 153
  0   0 155
  0   0 159
  0   0 161
  0   0 165
  0   0 167
  0   0 171
  0   0 173
  0   0 177
  0   0 179
  0   0 183
  0   0 185
  0   0 189
  0   0 191
  0   0 195
  0   0 197
  0   0 201
  0   0 204
  0   0 206
  0   0 210
  0   0 212
  0   0 216
  0   0 218
  0   0 222
  0   0 224
  0   0 228
  0   0 230
  0   0 234
  0   0 236
  0   0 240
  0   0 242
  0   0 246
  0   0 248
  0   1 252
