# table rgb (smooth1)
 78  74  57
 82  76  61
 84  81  64
 88  83  69
 90  88  74
 94  91  77
 96  95  82
100  99  88
102 102  93
106 107  97
108 110 102
112 114 108
114 119 113
118 122 119
121 127 123
125 132 129
127 135 135
131 140 141
133 145 147
138 148 153
140 153 159
145 158 165
147 161 172
151 166 178
154 171 185
158 176 192
161 180 199
165 184 192
169 190 185
172 195 179
176 199 173
179 204 167
183 210 164
186 204 159
191 201 153
195 197 150
197 192 146
202 189 141
205 186 138
210 183 134
214 179 131
217 178 128
222 173 126
217 172 123
214 170 121
210 167 120
208 165 118
204 163 116
202 161 115
199 159 114
197 158 114
193 155 114
191 154 114
190 153 114
186 153 114
185 152 114
183 151 115
180 150 116
179 150 118
177 148 120
176 147 121
173 147 123
172 147 126
172 146 128
170 147 131
169 146 134
166 147 138
165 147 141
165 147 146
164 148 150
161 150 153
161 150 159
160 151 164
159 152 167
159 153 173
159 153 179
159 154 185
158 155 192
158 158 199
157 159 192
157 161 185
155 163 179
155 165 173
155 167 167
155 170 164
155 172 159
155 173 153
155 178 150
155 179 146
157 183 141
157 186 138
158 189 134
158 192 131
159 197 128
159 201 126
159 204 123
159 210 121
160 204 120
161 201 118
161 197 116
164 192 115
165 189 114
165 186 114
166 183 114
169 179 114
170 178 114
172 173 114
172 172 114
173 170 115
176 167 116
177 165 118
179 163 120
180 161 121
183 159 123
185 158 126
186 155 128
190 154 131
191 153 134
193 153 138
197 152 141
202 151 146
204 150 150
209 150 153
214 148 159
217 147 164
223 147 167
229 147 173
235 146 179
233 147 185
230 146 192
229 147 199
228 147 192
225 147 185
224 148 179
223 150 173
223 150 167
222 151 164
220 152 159
220 153 153
218 153 150
218 154 146
217 155 141
216 158 138
217 159 134
216 161 131
216 163 128
216 166 126
216 171 123
217 173 121
216 178 120
217 182 118
216 189 116
217 192 115
218 198 114
220 204 114
220 210 114
221 216 114
222 223 114
223 231 114
223 238 114
224 248 115
225 246 116
227 244 118
229 243 120
229 242 121
230 242 123
233 242 126
234 241 128
235 240 131
236 241 134
240 240 138
242 241 141
242 241 146
244 241 150
248 242 153
249 242 159
252 242 165
254 243 172
255 243 179
255 244 186
255 247 196
255 248 204
255 249 215
255 250 210
252 253 205
244 254 203
237 255 199
231 255 197
224 255 195
218 255 192
211 255 191
205 255 189
198 255 187
192 255 186
186 255 185
179 255 185
176 255 185
170 248 185
164 238 186
159 229 187
153 221 189
148 211 190
142 203 191
139 193 192
134 186 196
131 178 197
127 171 201
123 163 204
120 155 208
115 147 211
113 140 216
110 134 221
108 128 224
106 121 229
104 115 235
102 110 223
102 106 214
100 100 203
 99  95 192
 97  90 184
 96  87 172
 96  83 165
 95  81 157
 95  77 148
 95  76 141
 95  75 133
 95  72 127
 95  71 121
 96  71 116
 97  70 112
 99  70 107
101  70 103
102  71 102
103  72  99
106  74  97
108  76  96
110  77  95
114  81  95
116  82  96
120  87  97
122  89 100
127  95 102
132 100 103
136 104 108
141 112 110
146 119 114
153 127 121
159 134 127
166 142 133
173 151 140
180 159 148
189 169 157
197 178 165
204 189 176
212 198 186
222 210 199
