# table rgb (smooth3)
  0   0   1
  0   0   4
  0   0   7
  0   0  11
  0   0  14
  0   0  18
  0   0  21
  0   0  25
  0   0  28
  0   0  31
  0   0  34
  0   0  37
  0   0  41
  0   0  44
  0   0  48
  0   0  50
  0   0  53
  0   0  57
  0   0  60
  0   0  63
  0   0  66
  0   0  71
  0   0  73
  0   0  77
  0   0  79
  0   0  82
  0   0  86
  0   0  89
  0   0  93
  0   0  95
  0   0  99
  0   0 102
  0   0 105
  0   0 109
  0   0 112
  0   0 116
  0   0 118
  0   0 122
  0   0 125
  0   0 128
  0   0 132
  0   0 134
  0   0 138
  0   0 141
  0   0 145
  0   0 147
  1   0 151
  3   0 154
  7   0 157
 11   0 161
 16   0 163
 20   0 167
 25   0 170
 31   0 174
 36   0 177
 41   0 179
 46   0 183
 51   0 186
 56   0 190
 60   0 193
 65   0 196
 70   0 199
 75   0 202
 79   0 206
 80   0 208
 81   0 213
 81   0 216
 81   0 220
 81   0 223
 81   0 226
 80   0 229
 80   0 231
 80   0 235
 80   0 238
 80   0 242
 80   0 245
 80   0 248
102  13 220
252 100  14
255 102  12
216  77  12
141  29  13
 98   0  15
103   0  18
108   0  24
114   0  31
119   0  35
123   0  40
128   0  45
133   0  51
138   0  56
143   0  61
149   0  67
154   0  72
159   0  77
164   0  82
169   0  87
174   0  92
179   0  98
185   0 104
190   0 109
196   0 114
201   0 119
207   0 124
212   0 129
218   0 135
223   0 140
231   0 145
239   0 150
246   0 155
251   0 160
254   0 165
255   0 171
255   0 176
255   4 182
255   9 187
255  14 192
255  19 197
255  25 203
255  30 208
255  36 213
255  42 218
255  47 224
255  53 229
255  58 234
255  64 240
255  69 245
255  74 250
255  80 254
255  84 251
255  89 246
255  95 240
255 100 235
255 105 229
255 109 223
255 113 218
255 118 212
255 123 207
255 129 201
255 133 196
255 138 190
255 143 185
255 147 180
255 152 174
255 157 168
255 160 163
255 162 157
255 163 152
255 163 147
255 163 142
255 163 136
255 163 130
255 163 125
255 163 119
255 163 114
255 163 109
255 163 104
255 163  98
255 163  92
255 163  87
254 163  81
252 163  76
247 163  70
241 163  66
233 163  60
225 163  54
217 163  49
210 163  43
202 163  37
194 163  32
185 163  27
179 163  21
176 163  15
173 163  10
172 163   5
174 164   1
177 166   0
183 169   0
188 175   0
193 181   0
198 187   0
203 193   0
208 199   0
214 205   0
220 212   0
225 218   0
230 224   0
235 231   0
240 237   0
245 243   0
250 249   0
255 255   0
255 255   0
255 255   0
255 255   0
255 255   0
255 255   0
255 255   0
255 255   0
255 255   0
255 255   0
255 255   0
255 255   0
255 255   0
255 255   0
255 255   0
255 255   0
255 255   0
255 255   4
255 255   8
255 255  12
255 255  17
255 255  22
255 255  27
255 255  31
255 255  36
255 255  42
255 255  47
255 255  52
255 255  56
255 255  61
255 255  66
255 255  70
255 255  73
255 255  73
255 255  72
255 255  69
255 255  64
255 255  58
255 255  52
255 255  46
255 255  40
255 255  34
255 255  29
255 255  23
255 255  16
255 255  10
255 255   5
255 255   1
255 255   0
255 255   0
255 255   0
255 255   0
255 255   0
255 255   0
255 255   0
255 255   0
255 255   0
255 255   0
255 255  23
255 255  84
255 255 155
255 255 213
246 255 245
193 255 255
  0 255 255
