# table rgb (smooth2)
  0   0   0
  0   0   0
  0   0   0
  0   0   0
  0   0   0
  0   0   0
  0   0   0
  0   0   0
  0   0  17
  0   0  17
  0   0  17
  0   0  17
  0   0  17
  0   0  17
  0   0  17
  0   0  17
  0   0  33
  0   0  33
  0   0  33
  0   0  33
  0   0  33
  0   0  33
  0   0  33
  0   0  33
  0   0  51
  0   0  51
  0   0  51
  0   0  51
  0   0  51
  0   0  51
  0   0  51
  0   0  51
  0   0  68
  0   0  68
  0   0  68
  0   0  68
  0   0  68
  0   0  68
  0   0  68
  0   0  68
  0   0  84
  0   0  84
  0   0  84
  0   0  84
  0   0  84
  0   0  84
  0   0  84
  0   0  84
  0   0 102
  0   0 102
  0   0 102
  0   0 102
  0   0 102
  0   0 102
  0   0 102
  0   0 102
  0   0 119
  0   0 119
  0   0 119
  0   0 119
  0   0 119
  0   0 119
  0   0 119
  0   0 119
  0   0 135
  0   0 135
  0   0 135
  0   0 135
  0   0 135
  0   0 135
  0   0 135
  0   0 135
 17   0 135
 17   0 135
 17   0 135
 17   0 135
 17   0 135
 17   0 135
 17   0 135
 17   0 135
 33   0 135
 33   0 135
 33   0 135
 33   0 135
 33   0 135
 33   0 135
 33   0 135
 33   0 135
 51   0 135
 51   0 135
 51   0 135
 51   0 135
 51   0 135
 51   0 135
 51   0 135
 51   0 135
 68   0 135
 68   0 135
 68   0 135
 68   0 135
 68   0 135
 68   0 135
 68   0 135
 68   0 135
 84   0 135
 84   0 135
 84   0 135
 84   0 135
 84   0 135
 84   0 135
 84   0 135
 84   0 135
102   0 135
102   0 135
102   0 135
102   0 135
102   0 135
102   0 135
102   0 135
102   0 135
119   0 135
119   0 135
119   0 135
119   0 135
119   0 135
119   0 135
119   0 135
119   0 135
135   0 135
135   0 135
135   0 135
135   0 135
135   0 119
135   0 119
135   0 119
135   0 119
153   0 102
153   0 102
153   0 102
153   0 102
153   0  84
153   0  84
153   0  84
153   0  84
170   0  68
170   0  68
170   0  68
170   0  68
170   0  51
170   0  51
170   0  51
170   0  51
186   0  33
186   0  33
186   0  33
186   0  33
186   0  17
186   0  17
186   0  17
186   0  17
204   0   0
204   0   0
204   0   0
204   0   0
204   0   0
204   0   0
204   0   0
204   0   0
221   0   0
221   0   0
221   0   0
221   0   0
221   0   0
221   0   0
221   0   0
221   0   0
237   0   0
237   0   0
237   0   0
237   0   0
237   0   0
237   0   0
237   0   0
237   0   0
255   0   0
255   0   0
255   0   0
255   0   0
255   0   0
255   0   0
255   0   0
255   0   0
255   0   0
255   0   0
255   0   0
255   0   0
255   0   0
255   0   0
255  17   0
255  17   0
255  33   0
255  33   0
255  51   0
255  51   0
255  68   0
255  68   0
255  84   0
255  84   0
255 102   0
255 102   0
255 119   0
255 119   0
255 135   0
255 135   0
255 153   0
255 153   0
255 170   0
255 170   0
255 186   0
255 186   0
255 204   0
255 204   0
255 221   0
255 221   0
255 237   0
255 237   0
255 255   0
255 255   0
255 255   0
255 255   0
255 255  17
255 255  17
255 255  33
255 255  33
255 255  51
255 255  51
255 255  68
255 255  68
255 255  84
255 255  84
255 255 102
255 255 102
255 255 119
255 255 119
255 255 135
255 255 135
255 255 153
255 255 153
255 255 170
255 255 170
255 255 186
255 255 186
255 255 204
255 255 204
255 255 221
255 255 255
