# table rgb (smooth)
  0   0 255
  4   0 250
  8   0 246
 12   0 242
 17   0 237
 21   0 233
 25   0 229
 30   0 224
 34   0 220
 38   0 216
 43   0 211
 48   0 206
 51   0 203
 56   0 198
 61   0 193
 64   0 190
 69   0 185
 72   0 182
 77   0 177
 82   0 172
 85   0 169
 90   0 164
 95   0 159
 99   0 155
103   0 151
108   0 146
112   0 142
116   0 138
121   0 133
125   0 129
129   0 125
133   0 121
138   0 116
142   0 112
146   0 108
151   0 103
155   0  99
159   0  95
164   0  90
169   0  85
172   0  82
177   0  77
182   0  72
185   0  69
190   0  64
193   0  61
198   0  56
203   0  51
206   0  48
211   0  43
216   0  38
220   0  34
224   0  30
229   0  25
233   0  21
237   0  17
242   0  12
246   0   8
250   0   4
255   0   0
255   0   0
255   2   0
255   5   0
255   7   0
255  10   0
255  12   0
255  14   0
255  18   0
255  20   0
255  23   0
255  25   0
255  27   0
255  31   0
255  32   0
255  36   0
254  38   0
254  40   0
254  44   0
254  45   0
254  49   0
254  51   0
254  53   0
254  57   0
254  58   0
254  62   0
254  63   0
254  67   0
254  70   0
254  71   0
254  75   0
254  76   0
254  80   0
254  82   0
254  84   0
254  88   0
254  89   0
254  93   0
254  95   0
254  97   0
254 100   0
254 102   0
254 106   0
254 108   0
254 110   0
254 113   0
253 115   0
253 119   0
253 121   0
253 123   0
253 126   0
253 128   0
253 131   0
253 133   0
253 136   0
253 139   0
253 141   0
253 144   0
253 146   0
253 148   0
253 152   0
253 153   0
253 154   0
253 155   0
253 157   0
253 158   0
253 159   0
253 160   0
253 161   0
253 164   0
252 165   0
252 165   0
252 167   0
252 169   0
252 170   0
252 172   0
252 172   0
252 173   0
252 174   0
252 177   0
252 178   0
252 178   0
252 180   0
252 182   0
252 183   0
252 184   0
252 185   0
252 186   0
252 187   0
252 190   0
252 191   0
250 191   0
250 193   0
250 195   0
250 196   0
250 197   0
250 198   0
250 199   0
250 201   0
250 203   0
250 204   0
250 204   0
250 206   0
250 208   0
250 209   0
250 210   0
250 211   0
250 212   0
250 214   0
250 216   0
250 216   0
249 217   0
249 220   0
249 221   0
249 222   0
249 223   0
249 224   0
249 225   0
249 227   0
249 229   0
249 229   0
249 229   0
246 225   0
242 222   0
236 217   0
233 214   0
229 210   0
224 206   0
220 203   0
216 198   0
211 195   0
208 191   0
203 186   0
198 183   0
195 178   0
191 174   0
185 172   0
182 167   0
178 164   0
173 159   0
169 155   0
165 152   0
160 147   0
157 144   0
153 140   0
147 135   0
144 133   0
140 128   0
135 125   0
131 121   0
127 116   0
122 113   0
119 108   0
114 104   0
109 101   0
106  96   0
102  94   0
 96  89   0
 93  85   0
 89  82   0
 84  77   0
 81  74   0
 76  70   0
 71  65   0
 68  62   0
 63  57   0
 58  55   0
 55  51   0
 51  46   0
 46  43   0
 42  38   0
 38  34   0
 33  31   0
 30  26   0
 25  23   0
 20  19   0
 17  16   0
 12  12   0
  7   7   0
  4   4   0
  0   0   0
  0   0   0
  0   0   0
  0   0   0
  0   0   0
  0   0   0
  0   0   0
  0   0   0
  0   0   0
  0   0   0
  0   0   0
  0   0   0
  0   0   0
  0   0   0
  0   0   0
  0   0   0
  0   0   0
