# table rgb (stairs9)
  0   0   0
 50  50  50
 50  50  50
 50  50  50
 50  50  50
 50  50  50
 50  50  50
 50  50  50
 50  50  50
 50  50  50
 50  50  50
 50  50  50
 50  50  50
 50  50  50
 50  50  50
 50  50  50
 50  50  50
 50  50  50
 50  50  50
 50  50  50
 50  50  50
 50  50  50
 50  50  50
 50  50  50
 50  50  50
 50  50  50
 50  50  50
 50  50  50
 50  50  50
 50  50  50
 50  50  50
 50  50  50
154   0 121
154   0 121
154   0 121
154   0 121
154   0 121
154   0 121
154   0 121
154   0 121
154   0 121
154   0 121
154   0 121
154   0 121
154   0 121
154   0 121
154   0 121
154   0 121
154   0 121
154   0 121
154   0 121
154   0 121
154   0 121
154   0 121
154   0 121
154   0 121
154   0 121
154   0 121
154   0 121
154   0 121
199   0   0
199   0   0
199   0   0
199   0   0
199   0   0
199   0   0
199   0   0
199   0   0
199   0   0
199   0   0
199   0   0
199   0   0
199   0   0
199   0   0
199   0   0
199   0   0
199   0   0
199   0   0
199   0   0
199   0   0
199   0   0
199   0   0
199   0   0
199   0   0
199   0   0
199   0   0
199   0   0
199   0   0
235 166  95
235 166  95
235 166  95
235 166  95
235 166  95
235 166  95
235 166  95
235 166  95
235 166  95
235 166  95
235 166  95
235 166  95
235 166  95
235 166  95
235 166  95
235 166  95
235 166  95
235 166  95
235 166  95
235 166  95
235 166  95
235 166  95
235 166  95
235 166  95
235 166  95
235 166  95
235 166  95
235 166  95
  0 145   0
  0 145   0
  0 145   0
  0 145   0
  0 145   0
  0 145   0
  0 145   0
  0 145   0
  0 145   0
  0 145   0
  0 145   0
  0 145   0
  0 145   0
  0 145   0
  0 145   0
  0 145   0
  0 145   0
  0 145   0
  0 145   0
  0 145   0
  0 145   0
  0 145   0
  0 145   0
  0 145   0
  0 145   0
  0 145   0
  0 145   0
  0 145   0
  0 246   0
  0 246   0
  0 246   0
  0 246   0
  0 246   0
  0 246   0
  0 246   0
  0 246   0
  0 246   0
  0 246   0
  0 246   0
  0 246   0
  0 246   0
  0 246   0
  0 246   0
  0 246   0
  0 246   0
  0 246   0
  0 246   0
  0 246   0
  0 246   0
  0 246   0
  0 246   0
  0 246   0
  0 246   0
  0 246   0
  0 246   0
  0 246   0
  0 255 255
  0 255 255
  0 255 255
  0 255 255
  0 255 255
  0 255 255
  0 255 255
  0 255 255
  0 255 255
  0 255 255
  0 255 255
  0 255 255
  0 255 255
  0 255 255
  0 255 255
  0 255 255
  0 255 255
  0 255 255
  0 255 255
  0 255 255
  0 255 255
  0 255 255
  0 255 255
  0 255 255
  0 255 255
  0 255 255
  0 255 255
  0 255 255
  0 177 255
  0 177 255
  0 177 255
  0 177 255
  0 177 255
  0 177 255
  0 177 255
  0 177 255
  0 177 255
  0 177 255
  0 177 255
  0 177 255
  0 177 255
  0 177 255
  0 177 255
  0 177 255
  0 177 255
  0 177 255
  0 177 255
  0 177 255
  0 177 255
  0 177 255
  0 177 255
  0 177 255
  0 177 255
  0 177 255
  0 177 255
  0 177 255
  0   0 255
  0   0 255
  0   0 255
  0   0 255
  0   0 255
  0   0 255
  0   0 255
  0   0 255
  0   0 255
  0   0 255
  0   0 255
  0   0 255
  0   0 255
  0   0 255
  0   0 255
  0   0 255
  0   0 255
  0   0 255
  0   0 255
  0   0 255
  0   0 255
  0   0 255
  0   0 255
  0   0 255
  0   0 255
  0   0 255
  0   0 255
  0   0 255
