# table rgb (staircase)
  0   0  80
  1   1  80
  2   2  80
  4   4  80
  5   5  80
  6   6  80
  6   6  80
  7   7  80
  8   8  80
 10  10  80
 11  11  80
 12  12  80
 12  12  80
 13  13  80
 14  14  80
 16  16  80
 17  17 120
 18  18 120
 19  19 120
 19  19 120
 20  20 120
 21  21 120
 23  23 120
 24  24 120
 25  25 120
 25  25 120
 26  26 120
 27  27 120
 29  29 120
 30  30 120
 31  31 120
 31  31 120
 32  32 159
 33  33 159
 34  34 159
 36  36 159
 37  37 159
 38  38 159
 38  38 159
 39  39 159
 40  40 159
 42  42 159
 43  43 159
 44  44 159
 44  44 159
 45  45 159
 46  46 159
 48  48 159
 49  49 199
 50  50 199
 51  51 199
 51  51 199
 52  52 199
 53  53 199
 55  55 199
 56  56 199
 57  57 199
 57  57 199
 58  58 199
 59  59 199
 61  61 199
 62  62 199
 63  63 199
 63  63 199
 64  64 240
 65  65 240
 67  67 240
 68  68 240
 69  69 240
 70  70 240
 70  70 240
 71  71 240
 72  72 240
 74  74 240
 75  75 240
 76  76 240
 76  76 240
 77  77 240
 78  78 240
 80  80 240
 81  81 242
 82  82 246
 82  82 248
 83  83 252
 84  84 255
  0  80   0
  1  80   1
  2  80   2
  4  80   4
  5  80   5
  6  80   6
  6  80   6
  7  80   7
  8  80   8
 10  80  10
 11  80  11
 12  80  12
 12  80  12
 13  80  13
 14  80  14
 16  80  16
 17 120  17
 18 120  18
 19 120  19
 19 120  19
 20 120  20
 21 120  21
 23 120  23
 24 120  24
 25 120  25
 25 120  25
 26 120  26
 27 120  27
 29 120  29
 30 120  30
 31 120  31
 31 120  31
 32 159  32
 33 159  33
 34 159  34
 36 159  36
 37 159  37
 38 159  38
 38 159  38
 39 159  39
 40 159  40
 42 159  42
 43 159  43
 44 159  44
 44 159  44
 45 159  45
 46 159  46
 48 159  48
 49 199  49
 50 199  50
 51 199  51
 51 199  51
 52 199  52
 53 199  53
 55 199  55
 56 199  56
 57 199  57
 57 199  57
 58 199  58
 59 199  59
 61 199  61
 62 199  62
 63 199  63
 63 199  63
 64 240  64
 65 240  65
 67 240  67
 68 240  68
 69 240  69
 70 240  70
 70 240  70
 71 240  71
 72 240  72
 74 240  74
 75 240  75
 76 240  76
 76 240  76
 77 240  77
 78 240  78
 80 240  80
 81 242  81
 82 246  82
 82 248  82
 83 252  83
 84 255  84
 80   0   0
 80   1   1
 80   2   2
 80   4   4
 80   5   5
 80   6   6
 80   6   6
 80   7   7
 80   8   8
 80  10  10
 80  11  11
 80  12  12
 80  12  12
 80  13  13
 80  14  14
 80  16  16
120  17  17
120  18  18
120  19  19
120  19  19
120  20  20
120  21  21
120  23  23
120  24  24
120  25  25
120  25  25
120  26  26
120  27  27
120  29  29
120  30  30
120  31  31
120  31  31
159  32  32
159  33  33
159  34  34
159  36  36
159  37  37
159  38  38
159  38  38
159  39  39
159  40  40
159  42  42
159  43  43
159  44  44
159  44  44
159  45  45
159  46  46
159  48  48
199  49  49
199  50  50
199  51  51
199  51  51
199  52  52
199  53  53
199  55  55
199  56  56
199  57  57
199  57  57
199  58  58
199  59  59
199  61  61
199  62  62
199  63  63
199  63  63
240  64  64
240  65  65
240  67  67
240  68  68
240  69  69
240  70  70
240  70  70
240  71  71
240  72  72
240  74  74
240  75  75
240  76  76
240  76  76
240  77  77
240  78  78
240  80  80
242 100 100
244 134 134
248 170 170
250 204 204
253 204 204
255 255 255
