# table rgb (standard)
  0   0  84
  1   1  87
  2   2  89
  4   4  90
  5   5  93
  6   6  95
  6   6  96
  7   7  99
  8   8 101
 10  10 102
 11  11 104
 12  12 107
 12  12 108
 13  13 110
 14  14 113
 16  16 114
 17  17 116
 18  18 119
 19  19 121
 19  19 122
 20  20 125
 21  21 127
 23  23 128
 24  24 131
 25  25 133
 25  25 134
 26  26 136
 27  27 139
 29  29 140
 30  30 142
 31  31 145
 31  31 146
 32  32 148
 33  33 151
 34  34 153
 36  36 154
 37  37 157
 38  38 159
 38  38 160
 39  39 163
 40  40 165
 42  42 166
 43  43 169
 44  44 171
 44  44 172
 45  45 174
 46  46 177
 48  48 178
 49  49 180
 50  50 183
 51  51 184
 51  51 186
 52  52 189
 53  53 191
 55  55 192
 56  56 195
 57  57 197
 57  57 198
 58  58 201
 59  59 203
 61  61 204
 62  62 206
 63  63 209
 63  63 210
 64  64 212
 65  65 215
 67  67 216
 68  68 218
 69  69 221
 70  70 223
 70  70 224
 71  71 227
 72  72 229
 74  74 230
 75  75 233
 76  76 235
 76  76 236
 77  77 238
 78  78 241
 80  80 242
 81  81 244
 82  82 247
 82  82 248
 83  83 250
 84  84 253
  0  84   0
  1  87   1
  2  89   2
  4  90   4
  5  93   5
  6  95   6
  6  96   6
  7  99   7
  8 101   8
 10 102  10
 11 104  11
 12 107  12
 12 108  12
 13 110  13
 14 113  14
 16 114  16
 17 116  17
 18 119  18
 19 121  19
 19 122  19
 20 125  20
 21 127  21
 23 128  23
 24 131  24
 25 133  25
 25 134  25
 26 136  26
 27 139  27
 29 140  29
 30 142  30
 31 145  31
 31 146  31
 32 148  32
 33 151  33
 34 153  34
 36 154  36
 37 157  37
 38 159  38
 38 160  38
 39 163  39
 40 165  40
 42 166  42
 43 169  43
 44 171  44
 44 172  44
 45 174  45
 46 177  46
 48 178  48
 49 180  49
 50 183  50
 51 184  51
 51 186  51
 52 189  52
 53 191  53
 55 192  55
 56 195  56
 57 197  57
 57 198  57
 58 201  58
 59 203  59
 61 204  61
 62 206  62
 63 209  63
 63 210  63
 64 212  64
 65 215  65
 67 216  67
 68 218  68
 69 221  69
 70 223  70
 70 224  70
 71 227  71
 72 229  72
 74 230  74
 75 233  75
 76 235  76
 76 236  76
 77 238  77
 78 241  78
 80 242  80
 81 244  81
 82 247  82
 82 248  82
 83 250  83
 84 253  84
 84   0   0
 87   1   1
 89   2   2
 90   4   4
 93   5   5
 95   6   6
 96   6   6
 99   7   7
101   8   8
102  10  10
104  11  11
107  12  12
108  12  12
110  13  13
113  14  14
114  16  16
116  17  17
119  18  18
121  19  19
122  19  19
125  20  20
127  21  21
128  23  23
131  24  24
133  25  25
134  25  25
136  26  26
139  27  27
140  29  29
142  30  30
145  31  31
146  31  31
148  32  32
151  33  33
153  34  34
154  36  36
157  37  37
159  38  38
160  38  38
163  39  39
165  40  40
166  42  42
169  43  43
171  44  44
172  44  44
174  45  45
177  46  46
178  48  48
180  49  49
183  50  50
184  51  51
186  51  51
189  52  52
191  53  53
192  55  55
195  56  56
197  57  57
198  57  57
201  58  58
203  59  59
204  61  61
206  62  62
209  63  63
210  63  63
212  64  64
215  65  65
216  67  67
218  68  68
221  69  69
223  70  70
224  70  70
227  71  71
229  72  72
230  74  74
233  75  75
235  76  76
236  76  76
238  77  77
241  78  78
242  80  80
244  81  81
247  82  82
248  82  82
250  83  83
253  84  84
255  85  85
