# table rgb (sunburst (cmasher))
  0   0   0
  0   0   0
  0   0   0
  0   0   0
  0   0   0
  1   0   1
  2   1   2
  2   1   2
  3   1   3
  4   2   4
  5   2   5
  6   3   6
  8   3   7
  9   4   9
 11   4  10
 13   5  11
 14   6  13
 16   6  14
 17   7  15
 19   7  17
 21   8  18
 22   9  19
 24   9  20
 25  10  22
 27  11  23
 29  11  24
 30  12  25
 32  12  26
 34  13  27
 35  13  29
 37  14  30
 39  14  31
 40  15  32
 42  15  33
 44  16  34
 45  16  35
 47  16  35
 49  17  36
 50  17  37
 52  18  38
 54  18  39
 55  18  40
 57  18  40
 59  19  41
 61  19  42
 62  19  43
 64  20  43
 66  20  44
 68  20  45
 69  20  45
 71  20  46
 73  21  46
 75  21  47
 76  21  47
 78  21  48
 80  21  48
 82  21  49
 83  22  49
 85  22  49
 87  22  50
 89  22  50
 91  22  50
 92  22  51
 94  22  51
 96  22  51
 98  22  51
100  22  52
101  22  52
103  22  52
105  22  52
107  22  52
109  22  52
110  22  52
112  22  52
114  22  52
116  21  52
118  21  52
119  21  52
121  21  52
123  21  52
125  21  52
127  20  52
129  20  52
130  20  51
132  20  51
134  19  51
136  19  51
138  19  50
140  19  50
141  18  50
143  18  49
145  18  49
147  17  48
149  17  48
150  17  48
152  16  47
154  16  46
156  16  46
158  15  45
160  15  45
161  15  44
163  14  43
165  14  43
167  14  42
168  14  41
170  13  40
172  13  39
174  13  38
175  13  38
177  14  37
179  14  36
180  14  35
182  15  33
184  15  32
185  16  31
187  17  30
188  18  29
190  19  28
191  20  26
193  22  25
194  23  24
196  25  22
197  27  21
198  29  19
199  31  18
200  33  17
201  35  15
203  37  14
204  39  12
204  41  11
205  44  10
206  46   9
207  48   8
208  50   7
209  53   7
209  55   6
210  57   6
211  59   6
211  61   6
212  64   6
212  66   6
213  68   7
213  70   7
214  72   8
214  74   9
215  76  10
215  78  12
216  81  13
216  83  14
217  85  16
217  87  17
217  89  19
218  91  20
218  93  22
218  95  23
219  96  25
219  98  27
219 100  28
220 102  30
220 104  32
220 106  33
221 108  35
221 110  37
221 112  39
221 114  40
221 115  42
222 117  44
222 119  46
222 121  48
222 123  49
222 125  51
222 126  53
223 128  55
223 130  57
223 132  59
223 134  61
223 135  63
223 137  65
223 139  67
223 141  69
223 142  71
224 144  73
224 146  75
224 148  77
224 149  79
224 151  81
224 153  83
224 155  85
224 156  88
224 158  90
224 160  92
224 162  94
224 163  96
224 165  99
224 167 101
224 168 103
224 170 105
224 172 108
224 173 110
224 175 112
224 177 115
224 178 117
224 180 120
224 182 122
224 183 124
224 185 127
224 186 129
224 188 132
224 190 134
224 191 137
224 193 139
225 194 142
225 196 144
225 198 147
225 199 150
225 201 152
225 202 155
225 204 158
226 205 160
226 207 163
226 208 166
226 210 168
226 211 171
227 213 174
227 214 176
227 216 179
228 217 182
228 219 185
229 220 187
229 222 190
230 223 193
230 224 196
231 226 198
232 227 201
232 228 204
233 230 206
234 231 209
234 233 212
235 234 215
236 235 217
237 237 220
238 238 223
239 239 225
240 240 228
241 242 230
242 243 233
243 244 235
245 245 238
246 247 240
247 248 243
249 249 245
250 250 247
251 252 249
253 253 251
254 254 253
256 256 256
