# table rgb (torch (cmasher))
  0   0   0
  0   0   0
  0   0   0
  0   0   0
  0   0   1
  0   1   1
  0   1   2
  1   2   3
  1   2   4
  1   3   6
  2   4   7
  2   4   9
  2   5  11
  2   6  13
  3   7  15
  3   8  17
  3   9  19
  3  10  21
  3  12  23
  4  13  26
  4  14  28
  4  15  30
  4  16  32
  4  17  34
  4  18  37
  4  19  39
  4  20  41
  4  21  44
  4  22  46
  4  23  49
  3  24  51
  3  25  54
  3  26  56
  3  27  59
  2  28  62
  2  29  65
  2  29  68
  1  30  70
  1  31  73
  1  32  76
  0  32  79
  0  33  83
  0  34  86
  0  34  89
  0  35  92
  0  35  96
  0  36  99
  0  36 103
  1  37 106
  2  37 110
  3  37 113
  5  37 117
  7  37 121
  9  37 124
 12  37 128
 16  37 132
 19  37 135
 22  36 138
 26  36 141
 29  36 143
 32  36 146
 35  36 147
 38  36 149
 41  36 150
 44  36 151
 47  36 152
 49  37 152
 52  38 152
 54  38 153
 56  39 153
 59  40 153
 61  40 152
 63  41 152
 65  42 152
 67  43 152
 69  44 151
 71  45 151
 73  45 151
 75  46 150
 77  47 150
 79  48 150
 80  49 149
 82  50 149
 84  50 149
 86  51 148
 88  52 148
 89  53 148
 91  54 147
 93  54 147
 95  55 147
 96  56 146
 98  57 146
100  57 146
102  58 145
103  59 145
105  60 145
107  60 145
109  61 144
110  62 144
112  62 144
114  63 143
115  64 143
117  65 143
119  65 143
121  66 142
122  66 142
124  67 142
126  68 142
128  68 142
129  69 141
131  70 141
133  70 141
135  71 141
136  71 140
138  72 140
140  72 140
142  73 139
144  74 139
145  74 139
147  75 138
149  75 138
151  76 138
153  76 137
154  77 137
156  77 137
158  78 136
160  78 136
162  79 135
164  79 135
166  80 134
167  80 134
169  81 133
171  81 133
173  82 132
175  82 132
177  83 131
179  83 130
181  84 130
183  84 129
185  85 128
186  85 127
188  86 127
190  86 126
192  87 125
194  87 124
196  88 123
198  88 122
200  89 121
202  89 120
203  90 119
205  90 118
207  91 117
209  91 116
211  92 115
213  93 114
215  93 113
216  94 111
218  95 110
220  95 109
222  96 108
224  97 106
225  97 105
227  98 104
229  99 102
230 100 101
232 101  99
234 102  98
235 103  97
237 104  95
238 105  94
240 106  92
241 107  91
242 108  89
244 109  88
245 110  87
246 112  85
247 113  84
248 115  83
249 116  82
250 118  80
251 119  79
252 121  79
253 123  78
253 125  77
254 126  77
254 128  76
254 130  76
255 132  76
255 134  76
255 137  76
255 139  77
255 141  78
255 143  78
255 145  80
255 147  81
255 149  82
255 152  84
254 154  85
254 156  87
254 158  89
253 160  91
253 163  93
253 165  96
252 167  98
252 169 101
252 171 103
251 173 106
251 175 108
250 177 111
250 179 114
250 181 117
249 183 120
249 185 123
248 187 126
248 189 129
248 191 132
247 193 135
247 195 138
247 197 141
246 198 144
246 200 148
246 202 151
246 204 154
245 206 157
245 208 160
245 209 164
245 211 167
245 213 170
244 214 173
244 216 177
244 218 180
244 219 183
244 221 187
244 223 190
244 224 193
244 226 196
244 228 200
245 229 203
245 231 206
245 232 209
245 234 213
245 235 216
246 237 219
246 238 222
247 240 225
247 241 228
248 243 231
248 244 235
249 246 238
249 247 241
250 249 243
251 250 246
252 251 249
253 253 251
255 254 253
256 256 256
