# table rgb (tropical (cmasher))
144  13 165
145  13 164
147  13 163
148  13 162
149  13 161
150  13 160
152  12 159
153  12 158
154  12 157
155  11 156
157  11 156
158  11 154
159  10 153
160  10 152
162  10 151
163   9 150
164   9 149
165   9 148
166   8 147
168   8 146
169   7 145
170   7 143
171   7 142
173   6 141
174   6 140
175   6 139
176   6 137
177   5 136
178   5 135
180   5 133
181   5 132
182   5 131
183   5 129
184   5 128
185   5 126
186   6 125
187   6 123
189   6 122
190   7 120
191   7 119
192   8 117
193   9 116
194  10 114
195  11 113
196  12 111
197  13 110
198  14 108
198  15 106
199  16 105
200  17 103
201  18 101
202  20 100
203  21  98
203  22  97
204  24  95
205  25  93
206  26  92
206  28  90
207  29  88
208  31  87
208  32  85
209  34  84
210  35  82
210  36  80
211  38  79
211  39  77
212  41  76
212  42  74
213  44  73
213  45  71
213  47  70
214  48  68
214  50  67
215  51  65
215  53  64
215  55  63
215  56  61
216  58  60
216  59  58
216  61  57
216  62  56
217  64  54
217  65  53
217  67  52
217  68  51
217  69  49
217  71  48
217  72  47
217  74  46
217  75  44
217  77  43
217  78  42
217  80  41
217  81  40
217  83  38
217  84  37
217  85  36
217  87  35
217  88  34
217  90  33
217  91  31
217  93  30
217  94  29
216  95  28
216  97  27
216  98  26
216 100  25
216 101  23
215 102  22
215 104  21
215 105  20
214 107  19
214 108  18
214 109  17
213 111  15
213 112  14
213 113  13
212 115  12
212 116  11
212 117  10
211 119   9
211 120   8
210 122   7
210 123   6
209 124   5
209 126   4
208 127   4
208 128   3
207 130   3
206 131   2
206 132   2
205 134   2
205 135   2
204 136   2
203 138   2
203 139   2
202 140   3
201 142   3
200 143   4
200 144   5
199 145   5
198 147   6
197 148   8
196 149   9
196 151  10
195 152  12
194 153  13
193 155  14
192 156  16
191 157  17
190 158  19
189 160  20
188 161  22
187 162  23
186 164  25
185 165  27
184 166  28
182 167  30
181 169  31
180 170  33
179 171  35
178 172  36
176 174  38
175 175  39
174 176  41
172 177  43
171 179  45
170 180  46
168 181  48
167 182  50
165 184  52
164 185  53
162 186  55
160 187  57
159 188  59
157 190  61
155 191  63
154 192  65
152 193  66
150 194  68
148 196  70
147 197  72
145 198  74
143 199  76
141 200  79
139 201  81
137 202  83
135 204  85
132 205  87
130 206  89
128 207  91
126 208  94
124 209  96
121 210  98
119 211 100
117 212 103
114 213 105
112 214 108
109 215 110
107 216 112
104 217 115
102 218 117
 99 219 120
 96 220 122
 94 221 125
 91 222 127
 89 223 130
 86 224 132
 83 225 135
 81 226 137
 78 227 140
 75 227 143
 72 228 145
 70 229 148
 67 230 150
 65 231 153
 62 231 156
 59 232 158
 57 233 161
 54 233 164
 52 234 166
 50 235 169
 48 236 171
 46 236 174
 44 237 177
 42 237 179
 40 238 182
 39 239 184
 38 239 187
 37 240 189
 36 240 192
 36 241 194
 35 241 197
 35 242 200
 36 243 202
 36 243 205
 37 244 207
 38 244 209
 39 245 212
 40 245 214
 41 246 217
 43 246 219
 44 246 222
 46 247 224
 48 247 226
 49 248 229
 51 248 231
 53 249 234
 55 249 236
 57 250 238
 59 250 241
 60 250 243
 62 251 245
 64 251 248
 66 252 250
 68 252 252
