# table rgb (blulut)
255 255 255
251 251 254
247 247 253
243 243 252
239 239 250
235 235 249
231 231 248
228 228 248
224 224 247
220 220 246
217 217 244
213 213 243
210 210 242
206 206 242
203 203 241
200 200 240
196 196 238
193 193 237
190 190 236
187 187 235
183 183 235
180 180 234
177 177 233
174 174 231
171 171 230
168 168 229
165 165 229
162 162 228
160 160 227
157 157 225
154 154 224
151 151 223
149 149 223
146 146 222
143 143 221
141 141 220
138 138 218
136 136 217
133 133 216
131 131 216
128 128 215
126 126 214
124 124 212
121 121 211
119 119 210
117 117 210
115 115 209
112 112 208
110 110 206
108 108 205
106 106 204
104 104 204
102 102 203
100 100 202
 98  98 201
 96  96 199
 94  94 198
 92  92 197
 90  90 197
 89  89 196
 87  87 195
 85  85 193
 83  83 192
 81  81 191
 80  80 191
 78  78 190
 76  76 189
 75  75 187
 73  73 186
 72  72 185
 70  70 184
 69  69 184
 67  67 183
 66  66 182
 64  64 180
 63  63 179
 61  61 178
 60  60 178
 59  59 177
 57  57 176
 56  56 174
 55  55 173
 54  54 172
 52  52 172
 51  51 171
 50  50 170
 49  49 169
 48  48 167
 46  46 166
 45  45 165
 44  44 165
 43  43 164
 42  42 163
 41  41 161
 40  40 160
 39  39 159
 38  38 159
 37  37 158
 36  36 157
 35  35 155
 34  34 154
 33  33 153
 33  33 153
 32  32 152
 31  31 151
 30  30 150
 29  29 148
 28  28 147
 28  28 146
 27  27 146
 26  26 145
 25  25 144
 25  25 142
 24  24 141
 23  23 140
 23  23 140
 22  22 139
 21  21 138
 21  21 136
 20  20 135
 20  20 134
 19  19 133
 18  18 133
 18  18 132
 17  17 131
 17  17 129
 16  16 128
 16  16 127
 15  15 127
 15  15 126
 14  14 125
 14  14 123
 13  13 122
 13  13 121
 12  12 121
 12  12 120
 12  12 119
 11  11 118
 11  11 116
 10  10 115
 10  10 114
 10  10 114
  9   9 113
  9   9 112
  9   9 110
  8   8 109
  8   8 108
  8   8 108
  7   7 107
  7   7 106
  7   7 104
  7   7 103
  6   6 102
  6   6 102
  6   6 101
  6   6 100
  5   5  99
  5   5  97
  5   5  96
  5   5  95
  4   4  95
  4   4  94
  4   4  93
  4   4  91
  4   4  90
  3   3  89
  3   3  89
  3   3  88
  3   3  87
  3   3  85
  3   3  84
  3   3  83
  2   2  82
  2   2  82
  2   2  81
  2   2  80
  2   2  78
  2   2  77
  2   2  76
  2   2  76
  1   1  75
  1   1  74
  1   1  72
  1   1  71
  1   1  70
  1   1  70
  1   1  69
  1   1  68
  1   1  67
  1   1  65
  1   1  64
  1   1  63
  0   0  63
  0   0  62
  0   0  61
  0   0  59
  0   0  58
  0   0  57
  0   0  57
  0   0  56
  0   0  55
  0   0  53
  0   0  52
  0   0  51
  0   0  51
  0   0  50
  0   0  49
  0   0  48
  0   0  46
  0   0  45
  0   0  44
  0   0  44
  0   0  43
  0   0  42
  0   0  40
  0   0  39
  0   0  38
  0   0  38
  0   0  37
  0   0  36
  0   0  34
  0   0  33
  0   0  32
  0   0  31
  0   0  31
  0   0  30
  0   0  29
  0   0  27
  0   0  26
  0   0  25
  0   0  25
  0   0  24
  0   0  23
  0   0  21
  0   0  20
  0   0  19
  0   0  19
  0   0  18
  0   0  17
  0   0  16
  0   0  14
  0   0  13
  0   0  12
  0   0  12
  0   0  11
  0   0  10
  0   0   8
  0   0   7
  0   0   6
  0   0   6
  0   0   5
  0   0   4
  0   0   2
  0   0   1
  0   0   0
  0   0   0
