# table rgb (voltage (cmasher))
  0   0   0
  0   0   0
  0   0   0
  0   0   0
  1   0   0
  1   0   1
  2   1   1
  3   1   2
  4   1   3
  5   2   3
  6   2   4
  7   3   5
  9   3   6
 10   4   7
 12   4   9
 13   5  10
 15   5  11
 17   6  13
 18   7  14
 20   7  16
 21   8  17
 23   8  18
 24   9  20
 26  10  21
 27  10  23
 29  11  24
 31  11  25
 32  12  27
 34  13  28
 35  13  30
 37  14  31
 38  14  33
 40  15  34
 41  15  36
 43  16  37
 44  16  39
 46  16  40
 48  17  42
 49  17  43
 51  18  45
 52  18  46
 54  18  48
 55  18  50
 57  19  51
 58  19  53
 60  19  55
 62  19  56
 63  20  58
 65  20  60
 66  20  61
 68  20  63
 69  20  65
 71  20  67
 72  20  69
 74  20  71
 76  21  73
 77  21  75
 79  20  77
 80  20  79
 82  20  81
 83  20  83
 85  20  85
 86  20  87
 88  20  89
 89  20  92
 91  19  94
 92  19  96
 94  19  98
 95  18 101
 97  18 103
 98  18 106
100  17 108
101  17 111
102  16 113
104  16 116
105  16 118
106  15 121
108  15 124
109  14 126
110  14 129
111  14 132
113  13 134
114  13 137
115  13 140
116  13 143
117  13 145
118  14 148
119  14 151
120  15 153
121  15 156
122  16 159
123  17 161
123  18 164
124  19 166
125  21 169
125  22 171
126  23 174
127  25 176
127  26 179
128  28 181
128  30 183
129  31 185
129  33 187
129  35 190
130  37 192
130  39 194
130  40 196
130  42 198
131  44 200
131  46 201
131  48 203
131  50 205
131  52 207
131  53 209
131  55 210
131  57 212
131  59 213
131  61 215
131  63 217
131  65 218
131  67 219
131  69 221
131  71 222
131  72 224
131  74 225
130  76 226
130  78 227
130  80 229
130  82 230
129  84 231
129  85 232
129  87 233
129  89 234
128  91 235
128  93 236
127  95 237
127  96 238
127  98 239
126 100 240
126 102 241
125 104 242
125 105 243
124 107 244
124 109 244
123 111 245
123 113 246
122 114 247
122 116 247
121 118 248
121 120 248
120 121 249
120 123 250
119 125 250
119 127 251
118 128 251
118 130 252
117 132 252
116 133 252
116 135 253
115 137 253
115 139 254
114 140 254
114 142 254
113 144 254
113 145 254
112 147 255
112 148 255
112 150 255
111 152 255
111 153 255
111 155 255
111 157 255
110 158 255
110 160 255
110 161 255
110 163 254
110 164 254
110 166 254
111 167 254
111 169 254
111 170 253
112 172 253
112 173 252
113 175 252
114 176 252
115 178 251
115 179 251
116 180 250
118 182 250
119 183 249
120 184 249
121 186 248
123 187 248
124 188 247
126 189 247
128 191 246
129 192 246
131 193 245
133 194 245
135 195 244
137 197 244
139 198 244
141 199 243
143 200 243
145 201 242
147 202 242
149 203 242
152 204 242
154 205 241
156 206 241
158 207 241
160 209 241
163 210 240
165 211 240
167 212 240
169 213 240
172 214 240
174 215 240
176 216 240
178 217 240
181 218 240
183 219 240
185 220 240
187 221 240
189 222 240
192 223 241
194 224 241
196 225 241
198 226 241
200 227 242
203 228 242
205 229 242
207 230 242
209 231 243
211 232 243
214 233 243
216 234 244
218 235 244
220 237 245
222 238 245
224 239 246
226 240 246
229 241 247
231 242 247
233 243 248
235 244 248
237 245 249
239 246 250
241 247 250
243 249 251
245 250 252
247 251 252
249 252 253
251 253 254
253 254 255
256 256 256
