# table rgb (blulut)
  0   0   0
  0   0   0
  1   1   0
  2   2   0
  4   4   0
  5   5   0
  6   6   0
  6   6   0
  7   7   0
  8   8   0
 10  10   0
 11  11   0
 12  12   0
 12  12   0
 13  13   0
 14  14   0
 16  16   0
 17  17   0
 18  18   0
 19  19   0
 19  19   0
 20  20   0
 21  21   0
 23  23   0
 24  24   0
 25  25   0
 25  25   0
 26  26   0
 27  27   0
 29  29   0
 30  30   0
 31  31   0
 31  31   0
 32  32   0
 33  33   0
 34  34   0
 36  36   0
 37  37   0
 38  38   0
 38  38   0
 39  39   0
 40  40   0
 42  42   0
 43  43   0
 44  44   0
 44  44   0
 45  45   0
 46  46   0
 48  48   0
 49  49   0
 50  50   0
 51  51   0
 51  51   0
 52  52   0
 53  53   0
 55  55   0
 56  56   0
 57  57   0
 57  57   0
 58  58   0
 59  59   0
 61  61   0
 62  62   0
 63  63   0
 63  63   1
 64  64   1
 65  65   1
 67  67   1
 68  68   1
 69  69   1
 70  70   1
 70  70   1
 71  71   1
 72  72   1
 74  74   1
 75  75   1
 76  76   2
 76  76   2
 77  77   2
 78  78   2
 80  80   2
 81  81   2
 82  82   2
 82  82   2
 83  83   3
 84  84   3
 85  85   3
 87  87   3
 88  88   3
 89  89   3
 89  89   3
 90  90   4
 91  91   4
 93  93   4
 94  94   4
 95  95   4
 95  95   5
 96  96   5
 97  97   5
 99  99   5
100 100   6
101 101   6
102 102   6
102 102   6
103 103   7
104 104   7
106 106   7
107 107   7
108 108   8
108 108   8
109 109   8
110 110   9
112 112   9
113 113   9
114 114  10
114 114  10
115 115  10
116 116  11
118 118  11
119 119  12
120 120  12
121 121  12
121 121  13
122 122  13
123 123  14
125 125  14
126 126  15
127 127  15
127 127  16
128 128  16
129 129  17
131 131  17
132 132  18
133 133  18
133 133  19
134 134  20
135 135  20
136 136  21
138 138  21
139 139  22
140 140  23
140 140  23
141 141  24
142 142  25
144 144  25
145 145  26
146 146  27
146 146  28
147 147  28
148 148  29
150 150  30
151 151  31
152 152  32
153 153  33
153 153  33
154 154  34
155 155  35
157 157  36
158 158  37
159 159  38
159 159  39
160 160  40
161 161  41
163 163  42
164 164  43
165 165  44
165 165  45
166 166  46
167 167  48
169 169  49
170 170  50
171 171  51
172 172  52
172 172  54
173 173  55
174 174  56
176 176  57
177 177  59
178 178  60
178 178  61
179 179  63
180 180  64
182 182  66
183 183  67
184 184  69
184 184  70
185 185  72
186 186  73
187 187  75
189 189  76
190 190  78
191 191  80
191 191  81
192 192  83
193 193  85
195 195  87
196 196  89
197 197  90
197 197  92
198 198  94
199 199  96
201 201  98
202 202 100
203 203 102
204 204 104
204 204 106
205 205 108
206 206 110
208 208 112
209 209 115
210 210 117
210 210 119
211 211 121
212 212 124
214 214 126
215 215 128
216 216 131
216 216 133
217 217 136
218 218 138
220 220 141
221 221 143
222 222 146
223 223 149
223 223 151
224 224 154
225 225 157
227 227 160
228 228 162
229 229 165
229 229 168
230 230 171
231 231 174
233 233 177
234 234 180
235 235 183
235 235 187
236 236 190
237 237 193
238 238 196
240 240 200
241 241 203
242 242 206
242 242 210
243 243 213
244 244 217
246 246 220
247 247 224
248 248 228
248 248 231
249 249 235
250 250 239
252 252 243
253 253 247
254 254 251
255 255 255
